Sample	Library	End	Std	Pos	A	C	G	T	Total	G>A	C>T	A>G	T>C	A>C	A>T	C>G	C>A	T>G	T>A	G>C	G>T	A>-	T>-	C>-	G>-	->A	->T	->C	->G	S
*	*	3p	+	1	4348899	2583800	4717558	4210616	15860873	1127759	6530	9191	15786	3165	5237	3696	8254	4873	9074	2206	3887	0	0	0	0	0	0	0	0	20
*	*	3p	+	2	5405138	3026265	2961064	4468364	15860831	604116	7655	5317	12741	3454	4725	1849	7642	3335	7983	2500	4058	3	6	6	7	6	5	3	6	19
*	*	3p	+	3	4678747	2876419	3552891	4752965	15861022	561096	6903	5822	10161	2820	4398	2461	7187	3237	5773	2496	4172	21	12	13	4	16	14	3	7	17
*	*	3p	+	4	4776922	2881592	3410600	4792064	15861178	451355	6491	5804	8967	2525	3463	2254	7324	3210	4854	2300	3579	14	30	2	8	32	43	27	8	8
*	*	3p	+	5	4530938	3230705	3210698	4888531	15860872	353335	6071	4892	9409	2741	3226	1968	5866	2892	4690	2458	3634	26	15	14	21	80	93	32	58	0
*	*	3p	+	6	4730644	3114278	3205809	4809535	15860266	307677	5531	5446	8171	2187	2793	2149	5391	2421	4007	2113	3622	21	30	42	44	358	203	151	166	0
*	*	3p	+	7	4754139	3123928	3312466	4669453	15859986	287974	5337	4961	7451	2005	2470	1888	4104	2368	3433	1872	3352	114	147	139	158	494	288	216	189	0
*	*	3p	+	8	5085299	2895136	3484886	4394448	15859769	271001	5269	4997	6579	1844	1901	1996	4086	2384	3365	1875	3420	155	209	220	194	632	336	179	236	0
*	*	3p	+	9	5148768	3028786	3391221	4291082	15859857	231184	5025	5087	6483	2225	1699	2024	3941	2146	2925	1943	2923	165	226	275	260	566	286	196	236	0
*	*	3p	+	10	4765267	3167545	3482934	4444394	15860140	205467	5165	4611	6565	1661	1612	1976	3287	2032	2844	1918	3028	187	256	329	240	540	324	174	178	0
*	*	3p	+	11	4758285	3115558	3467045	4519519	15860407	183347	4836	4876	6062	1645	1749	1751	3178	2112	2603	1736	2906	172	297	291	243	411	228	138	171	0
*	*	3p	+	12	4683243	3187526	3450306	4539332	15860407	162692	4984	4679	5755	1906	1715	1707	2942	2104	2416	1717	2847	273	261	302	287	300	219	100	135	0
*	*	3p	+	13	4637404	3183033	3468814	4571143	15860394	149792	4927	4681	5714	1633	1673	1863	2783	2002	2249	1895	2962	272	307	268	280	334	240	101	128	0
*	*	3p	+	14	4591963	3210312	3526710	4531529	15860514	142771	5061	4779	5436	1673	1560	1870	2900	1796	2135	1854	3078	260	344	224	282	356	245	77	162	0
*	*	3p	+	15	4564994	3182325	3535020	4578080	15860419	133036	5264	4727	5516	1555	1573	1811	2807	2079	2404	1740	2804	298	384	255	295	415	306	79	135	0
*	*	3p	+	16	4599336	3192637	3502774	4565527	15860274	127905	5301	4775	5475	1515	1588	1737	2648	1970	2162	1779	2867	395	417	243	305	364	288	104	153	0
*	*	3p	+	17	4615381	3234518	3484817	4525564	15860280	127251	4924	4761	5284	1539	1690	1710	2660	1892	2084	1594	2860	390	413	321	268	494	360	120	91	0
*	*	3p	+	18	4554326	3277076	3512668	4515963	15860033	122996	5353	4740	5131	1733	1554	1827	2672	1879	2173	1828	3013	416	469	211	292	493	442	108	120	0
*	*	3p	+	19	4532561	3279716	3514965	4532889	15860131	121795	5446	4730	5176	1623	1544	1752	2586	1930	2082	1781	3039	494	536	244	319	553	425	108	130	0
*	*	3p	+	20	4509994	3291862	3508127	4550011	15859994	119785	5538	4454	5216	1592	1509	1776	2673	1941	2239	1707	3164	474	543	219	271	574	518	107	155	0
*	*	3p	+	21	4570296	3260441	3495849	4533388	15859974	118363	5532	4654	5058	1679	1636	1748	2493	1847	2106	1686	3065	511	543	216	265	598	520	159	104	0
*	*	3p	+	22	4631913	3221667	3444831	4561590	15860001	115664	5820	4555	4981	1708	1640	1613	2661	1842	2032	1617	3011	548	646	229	292	532	539	108	162	0
*	*	3p	+	23	4612029	3222678	3482303	4543017	15860027	114231	6050	4684	4909	1640	1498	1733	2414	1630	1999	1709	3278	452	603	181	325	569	514	107	128	0
*	*	3p	+	24	4584350	3272218	3457838	4545559	15859965	110346	6329	4649	4942	1554	1577	1700	2496	1892	1869	1625	3250	520	611	230	330	598	575	98	116	0
*	*	3p	+	25	4587625	3239111	3447912	4585306	15859954	104889	6254	4487	5054	1451	1495	1679	2407	1960	2076	1710	3323	504	572	267	272	514	591	158	130	0
*	*	3p	+	26	4653571	3205685	3455566	4544993	15859815	101818	6318	4692	4968	1649	1584	1667	2356	1761	2011	1566	3175	473	681	232	270	623	661	107	148	0
*	*	3p	+	27	4669384	3242250	3395043	4553124	15859801	94558	6503	4524	4926	1727	1584	1615	2249	1662	1863	1585	3144	615	664	266	322	609	654	149	134	0
*	*	3p	+	28	4636154	3222627	3460747	4540218	15859746	91792	6659	4536	4730	1553	1501	1685	2324	1780	1841	1842	3485	602	773	234	250	725	658	97	123	0
*	*	3p	+	29	4595426	3250824	3449908	4563555	15859713	86387	6791	4379	4889	1667	1593	1681	2355	1851	1828	1730	3438	621	795	223	244	718	654	106	159	0
*	*	3p	+	30	4545428	3255692	3422108	4636506	15859734	80883	7362	4460	4896	1588	1496	1674	2261	1951	2082	1663	3384	616	740	171	261	658	697	127	136	0
*	*	3p	+	31	4607959	3241358	3414592	4574553	15838462	76196	7560	4690	5082	1987	1521	1726	2187	1815	1930	2019	3312	644	739	217	236	694	682	147	149	0
*	*	3p	+	32	4673061	3187310	3409304	4538181	15807856	70733	7567	4811	4584	1768	1625	1709	2049	1747	1892	1589	3242	606	786	217	270	721	673	126	165	0
*	*	3p	+	33	4614588	3195122	3416946	4540419	15767075	66981	7945	4579	4770	1755	1612	1587	2022	1752	1721	1707	3485	630	832	212	256	690	682	94	119	0
*	*	3p	+	34	4618432	3202838	3376620	4516592	15714482	62430	8179	4682	4470	1743	1743	1744	2018	1859	1628	1634	3716	729	849	258	316	686	676	113	139	0
*	*	3p	+	35	4541430	3164819	3321524	4618003	15645776	57482	8767	4301	4749	1692	1583	1531	2104	1779	1988	1707	3598	676	825	226	255	670	693	126	168	0
*	*	3p	+	36	4538210	3149312	3310306	4560200	15558028	52773	9041	4763	4771	1657	1766	1694	2072	1955	1764	1567	3547	684	787	251	295	711	760	140	136	0
*	*	3p	+	37	4535803	3102415	3260122	4549716	15448056	49857	9452	4772	4479	1831	1836	1524	1909	1753	1951	1676	3255	733	810	203	296	670	724	151	135	0
*	*	3p	+	38	4497750	3101959	3205354	4507510	15312573	45487	10015	4591	4379	1619	1651	1653	1982	1803	1778	1750	3527	708	758	208	326	686	713	113	141	0
*	*	3p	+	39	4414383	3072634	3212092	4448285	15147394	43293	10328	4521	4266	1730	1611	1630	1886	1778	1638	1566	3529	702	745	220	277	637	705	148	144	0
*	*	3p	+	40	4357305	3026312	3120413	4454589	14958619	39355	10431	4418	4518	1641	1555	1591	2025	1804	1909	1564	3351	780	735	205	329	665	710	110	133	0
*	*	3p	+	41	4389917	2939400	3082700	4333121	14745138	37211	11161	4788	4332	1767	1688	1462	1922	1750	1816	1638	3340	680	779	194	302	645	730	117	122	0
*	*	3p	+	42	4326678	2862067	3025677	4289569	14503991	34697	11656	4368	4464	1705	1703	1485	1859	1720	1847	1516	3349	642	622	215	225	635	695	134	113	0
*	*	3p	+	43	4248841	2808290	2981672	4196252	14235055	32866	11921	4629	4023	1638	1694	1518	1911	1742	1715	1541	3464	573	670	184	254	628	579	103	169	0
*	*	3p	+	44	4145898	2769438	2883722	4138537	13937595	29811	12602	4319	4023	1617	1679	1503	1784	1639	1771	1558	3399	604	604	180	239	601	608	113	119	0
*	*	3p	+	45	4063892	2665372	2794445	4089183	13612892	27013	12914	4233	4402	1843	1670	1363	1831	1688	1835	1544	3261	609	616	185	220	580	556	118	118	0
*	*	3p	+	46	3996242	2586712	2705406	3971017	13259377	25461	12939	4088	3926	1618	1659	1386	1646	1619	1713	1445	3138	614	569	165	229	520	566	84	100	0
*	*	3p	+	47	3880045	2530198	2613598	3854131	12877972	23339	13324	3989	3753	1450	1731	1337	1701	1496	1605	1448	3087	521	556	163	186	513	512	96	117	0
*	*	3p	+	48	3697837	2481607	2516642	3771056	12467142	21685	13829	3865	3743	1627	1673	1422	1652	1557	1579	1432	3031	544	524	214	187	549	502	109	146	0
*	*	3p	+	49	3563176	2380214	2459779	3622155	12025324	20342	14109	3790	3625	1501	1452	1404	1611	1398	1639	1237	3084	526	507	133	172	526	517	104	125	0
*	*	3p	+	50	3429337	2282395	2359234	3491765	11562731	18989	13952	3581	3490	1308	1587	1220	1423	1455	1660	1377	2876	489	483	158	160	490	564	74	78	0
*	*	3p	+	51	3323059	2147858	2269475	3350697	11091089	17562	13643	3735	3302	1450	1623	1167	1471	1326	1512	1154	2750	511	464	128	115	437	418	68	104	0
*	*	3p	+	52	3219228	2048878	2145492	3202552	10616150	16031	13274	3258	3125	1374	1485	1029	1351	1160	1462	1084	2703	488	489	123	170	460	385	65	110	0
*	*	3p	+	53	3045596	1972502	2066945	3055796	10140839	15131	13379	3256	3260	1363	1403	1060	1373	1203	1316	1181	2619	396	391	162	154	373	419	74	103	0
*	*	3p	+	54	2897203	1884277	1956422	2929019	9666921	13720	13194	3077	2936	1275	1248	1097	1316	1258	1288	1093	2469	367	362	134	139	342	397	70	99	0
*	*	3p	+	55	2746223	1780172	1842624	2826749	9195768	13179	13254	2810	2926	1219	1222	954	1104	1158	1362	1064	2367	341	320	93	101	358	388	63	83	0
*	*	3p	+	56	2621088	1703111	1743585	2659818	8727602	12069	12832	2978	2705	1232	1294	905	1046	1133	1259	1031	2200	363	302	96	91	287	311	46	76	0
*	*	3p	+	57	2515417	1576639	1649594	2518649	8260299	11153	12247	2906	2544	1141	1210	925	1076	1026	1239	891	2195	321	302	90	91	261	300	55	62	0
*	*	3p	+	58	2350504	1513759	1574549	2361448	7800260	10517	12334	2564	2426	1037	1177	903	1038	916	1051	982	2143	256	289	70	85	243	252	44	43	0
*	*	3p	+	59	2210870	1426106	1480099	2232288	7349363	9827	11752	2471	2360	988	1054	821	1042	943	1079	905	1995	257	244	57	83	270	267	42	34	0
*	*	3p	+	60	2061023	1348718	1381487	2119805	6911033	9199	11466	2162	2284	832	997	707	921	937	1064	843	1758	208	235	79	79	261	261	45	27	0
*	*	3p	+	61	1956557	1244707	1303214	1984609	6489087	8253	10562	2152	2094	953	932	778	931	869	968	839	1772	210	222	67	69	141	220	42	21	0
*	*	3p	+	62	1842750	1173998	1213477	1856900	6087125	7652	10301	1984	1876	833	961	674	867	790	959	664	1694	174	196	51	67	203	217	28	32	0
*	*	3p	+	63	1718719	1093326	1154201	1737316	5703562	7476	9417	1809	1791	751	796	727	773	716	868	682	1569	169	186	34	92	165	187	41	27	0
*	*	3p	+	64	1617117	1019650	1074710	1630348	5341825	7103	9514	1793	1702	779	766	674	829	689	844	656	1501	167	187	47	76	166	159	24	32	0
*	*	3p	+	65	1504916	957143	990636	1543740	4996435	6160	9041	1708	1749	713	782	623	672	678	817	521	1344	174	164	46	78	168	160	38	48	0
*	*	3p	+	66	1419749	896493	915905	1438064	4670211	5843	8533	1526	1421	688	732	551	587	624	740	429	1257	96	164	34	55	171	158	17	28	0
*	*	3p	+	67	1325438	834873	851300	1348865	4360476	5308	7930	1420	1431	629	681	408	625	599	681	476	1143	81	157	41	35	133	156	31	27	0
*	*	3p	+	68	1224989	784210	805588	1251898	4066685	5107	7523	1404	1346	470	630	403	544	572	633	438	1018	132	123	27	50	128	148	19	10	0
*	*	3p	+	69	1136606	735926	746478	1168769	3787779	4709	7011	1293	1146	507	691	401	590	561	588	476	1100	115	119	31	63	91	118	18	30	0
*	*	3p	+	70	1058817	674724	697859	1094248	3525648	4243	6497	1193	1137	465	562	406	432	512	538	425	941	98	115	28	45	78	119	23	28	0
*	*	3p	-	1	4374715	2576602	4710030	4200376	15861723	1127553	6791	8904	15661	3105	5105	3799	8402	4887	9659	2345	3803	0	0	0	0	0	0	0	0	49
*	*	3p	-	2	5428400	3032707	2960766	4439632	15861505	606767	7655	4998	12577	3424	4604	1998	7789	3203	7990	2665	3871	6	2	3	12	69	77	41	23	48
*	*	3p	-	3	4695219	2875197	3549300	4741836	15861552	557553	6950	5782	9880	2832	4487	2447	7302	2948	5357	2504	4229	13	24	27	51	131	124	55	81	24
*	*	3p	-	4	4796271	2881223	3415661	4768084	15861239	453454	6431	5785	8958	2683	3518	2211	7636	2976	4763	2244	3667	37	53	26	66	406	326	100	111	4
*	*	3p	-	5	4547735	3227267	3214561	4870729	15860292	353116	6015	5318	9185	2507	3124	2151	5850	2831	4493	2419	3750	185	233	46	131	741	687	176	157	0
*	*	3p	-	6	4743958	3113169	3210785	4791987	15859899	307947	5451	5222	8096	2378	2631	2037	5033	2531	3932	2017	3575	434	309	113	195	983	731	240	219	0
*	*	3p	-	7	4772855	3122378	3319556	4644984	15859773	287951	5226	5042	7462	1998	2488	1803	4129	2241	3689	1931	3406	547	533	211	326	1049	760	244	239	0
*	*	3p	-	8	5107648	2892641	3484835	4374639	15859763	271402	4961	4815	6531	1812	1967	1813	4360	2390	3313	1852	3460	632	555	272	312	1158	720	224	237	0
*	*	3p	-	9	5165747	3030191	3395038	4269108	15860084	233245	5279	4743	6733	2113	1648	1917	4012	2279	3017	2002	2844	688	724	291	354	892	673	186	228	0
*	*	3p	-	10	4791017	3167157	3475333	4426658	15860165	205463	5266	4541	6581	1677	1674	1867	3595	2142	2856	1770	2933	627	969	300	377	803	917	179	201	0
*	*	3p	-	11	4782583	3109675	3467123	4500925	15860306	182005	4941	4845	5956	1740	1782	1863	3201	2029	2589	1719	2846	671	993	273	383	790	878	145	145	0
*	*	3p	-	12	4699213	3188211	3457246	4515671	15860341	162503	5109	4893	5847	1779	1733	1725	3114	2000	2344	1698	2760	750	892	274	377	750	674	166	176	0
*	*	3p	-	13	4656028	3181165	3463273	4560003	15860469	149410	5157	4737	5784	1728	1672	1742	2908	2101	2299	1789	2803	789	874	334	418	614	726	138	157	0
*	*	3p	-	14	4617111	3204448	3527291	4511918	15860768	141956	4971	4563	5282	1594	1486	1769	3027	1884	2183	1839	3049	685	741	307	351	656	563	121	157	0
*	*	3p	-	15	4589868	3182567	3532846	4555310	15860591	133189	5122	4713	5581	1658	1585	1728	2814	2028	2356	1505	2809	676	909	302	301	644	772	116	140	0
*	*	3p	-	16	4613390	3190104	3504348	4552560	15860402	127299	5133	4844	5536	1621	1759	1929	2721	1878	2170	1787	2852	664	912	298	346	683	752	102	183	0
*	*	3p	-	17	4632020	3228254	3492230	4508096	15860600	125582	4883	4621	5301	1624	1612	1610	2570	1932	2122	1572	2896	613	841	294	314	689	691	111	177	0
*	*	3p	-	18	4574212	3275275	3512780	4498158	15860425	123218	5496	4686	5107	1762	1587	1733	2757	1856	2105	1790	2944	716	707	322	320	682	695	150	160	0
*	*	3p	-	19	4550740	3279769	3514408	4515655	15860572	120764	5388	4740	5262	1627	1541	1802	2686	1901	1946	1732	2988	724	783	269	325	781	631	108	174	0
*	*	3p	-	20	4524463	3294871	3516095	4525085	15860514	120753	5634	4579	4970	1524	1464	1882	2705	1912	2077	1693	3140	710	779	304	330	721	714	130	189	0
*	*	3p	-	21	4577651	3246340	3510821	4525611	15860423	118761	5741	4671	5119	1635	1615	1653	2412	1813	2141	1577	3069	712	859	207	321	788	742	139	167	0
*	*	3p	-	22	4649749	3219213	3452749	4538846	15860557	115522	5928	4575	5162	1621	1737	1770	2509	1852	2125	1618	3082	760	774	258	312	789	622	133	161	0
*	*	3p	-	23	4636604	3222853	3477260	4523735	15860452	113145	6113	4554	4921	1650	1448	1828	2633	1785	1895	1777	3267	769	790	206	296	771	790	118	140	0
*	*	3p	-	24	4601810	3262244	3460543	4535856	15860453	109491	6335	4387	5088	1601	1569	1751	2346	1864	1815	1573	3409	762	783	220	290	787	718	138	155	0
*	*	3p	-	25	4609282	3237901	3451248	4562074	15860505	105962	6612	4479	5048	1499	1497	1692	2420	1799	2041	1673	3238	736	704	174	291	749	728	129	156	0
*	*	3p	-	26	4662519	3200540	3464283	4533342	15860684	101478	6466	4609	5004	1567	1630	1734	2319	1722	1974	1568	3185	685	649	207	283	735	571	141	136	0
*	*	3p	-	27	4679340	3237261	3406983	4537059	15860643	96656	6387	4520	4927	1652	1617	1631	2231	1776	1878	1603	3210	665	629	205	319	732	604	162	119	0
*	*	3p	-	28	4657574	3221063	3458712	4523321	15860670	91837	6726	4506	4759	1631	1568	1670	2169	1679	1833	1658	3251	672	639	234	327	679	612	164	140	0
*	*	3p	-	29	4610899	3246524	3455482	4547859	15860764	87142	7036	4723	4736	1674	1631	1691	2212	1813	1889	1697	3474	643	663	236	303	617	615	140	133	0
*	*	3p	-	30	4565808	3247216	3436130	4611578	15860732	81216	7614	4627	5001	1635	1565	1807	2283	1863	2091	1597	3362	647	686	260	261	653	586	142	150	0
*	*	3p	-	31	4623938	3229669	3420329	4565505	15839441	75707	7324	4663	5234	1881	1567	1714	2108	1931	1832	1871	3086	742	592	229	310	682	530	140	166	0
*	*	3p	-	32	4685901	3182781	3416929	4523385	15808996	70555	7551	4845	4612	1838	1588	1632	2132	1835	1861	1656	3462	630	539	241	276	609	571	129	115	0
*	*	3p	-	33	4635220	3197442	3413572	4522466	15768700	66561	8004	4761	4687	1710	1572	1737	2019	1695	1766	1788	3536	610	568	246	281	632	547	103	130	0
*	*	3p	-	34	4635126	3198788	3384364	4497898	15716176	62271	8360	4614	4594	1783	1654	1777	2034	1662	1683	1629	3609	577	591	199	281	565	518	157	113	0
*	*	3p	-	35	4563601	3166892	3321775	4595307	15647575	56453	8999	4525	4821	1743	1536	1676	2117	1751	1845	1644	3580	498	647	229	276	507	593	172	162	0
*	*	3p	-	36	4552246	3147919	3315138	4545273	15560576	53759	9167	4645	4591	1675	1699	1782	1985	1832	1740	1618	3546	534	651	196	270	500	554	131	130	0
*	*	3p	-	37	4547370	3095218	3266812	4540517	15449917	49299	9466	4708	4632	1893	1779	1533	1887	1792	1691	1698	3652	543	551	166	315	534	522	97	125	0
*	*	3p	-	38	4518877	3103614	3207530	4484649	15314670	46445	9880	4625	4487	1777	1681	1698	2048	1732	1715	1616	3439	525	525	175	193	524	458	125	123	0
*	*	3p	-	39	4432101	3074622	3213644	4429167	15149534	44036	10625	4430	4386	1676	1729	1632	1916	1801	1663	1697	3631	521	467	190	278	460	468	118	95	0
*	*	3p	-	40	4382754	3022697	3128103	4426777	14960331	39749	10978	4239	4458	1726	1607	1726	1999	1798	1920	1646	3318	440	464	147	232	485	432	106	126	0
*	*	3p	-	41	4406144	2936002	3081107	4322411	14745664	37770	10983	4629	4333	1847	1785	1552	1833	1729	1870	1546	3377	458	444	205	224	393	394	113	109	0
*	*	3p	-	42	4343098	2850889	3028907	4281285	14504179	34459	11879	4352	4367	1856	1730	1469	1814	1717	1873	1460	3209	432	397	153	239	391	433	104	88	0
*	*	3p	-	43	4269992	2803950	2983098	4177298	14234338	32025	12108	4376	4091	1718	1807	1563	1815	1618	1723	1650	3343	419	421	172	210	411	383	111	124	0
*	*	3p	-	44	4162843	2761338	2891629	4123459	13939269	30035	12687	4375	4087	1664	1727	1555	1844	1583	1663	1543	3278	367	345	167	226	322	366	119	89	0
*	*	3p	-	45	4085074	2663867	2795710	4070229	13614880	27159	13324	4055	3991	1748	1670	1461	1649	1608	1752	1541	3054	363	355	145	221	323	335	81	121	0
*	*	3p	-	46	4014442	2587681	2707771	3951644	13261538	25339	13256	4168	4040	1647	1738	1465	1666	1515	1716	1444	3339	314	328	171	176	323	343	81	62	0
*	*	3p	-	47	3896299	2526536	2611441	3845121	12879397	23449	13345	3931	3674	1638	1771	1380	1589	1549	1648	1320	3011	330	301	149	195	375	299	63	87	0
*	*	3p	-	48	3721183	2479444	2516581	3751207	12468415	22169	13930	3887	3784	1467	1737	1400	1696	1396	1604	1427	3167	278	304	109	144	262	300	70	85	0
*	*	3p	-	49	3574254	2375620	2464648	3612889	12027411	20669	14104	3673	3522	1514	1505	1420	1551	1451	1541	1439	3092	286	259	122	147	234	252	81	94	0
*	*	3p	-	50	3443441	2289942	2364546	3469219	11567148	18939	14007	3455	3620	1533	1524	1281	1483	1503	1632	1255	2837	214	242	132	154	236	241	65	60	0
*	*	3p	-	51	3337465	2150707	2270458	3334904	11093534	17598	14153	3607	3295	1472	1667	1293	1525	1347	1534	1235	2741	251	211	115	106	215	229	50	72	0
*	*	3p	-	52	3230319	2046769	2153472	3189730	10620290	16335	13383	3296	3359	1436	1480	1058	1372	1296	1373	1135	2681	225	189	115	180	239	205	47	57	0
*	*	3p	-	53	3064513	1973189	2066610	3038551	10142863	15116	13487	3358	3078	1364	1441	1103	1358	1197	1347	1153	2560	196	231	110	155	186	203	43	37	0
*	*	3p	-	54	2914286	1881893	1956203	2914907	9667289	14322	13204	2990	2968	1208	1254	1053	1248	1128	1356	1096	2501	174	219	127	129	171	206	49	55	0
*	*	3p	-	55	2760918	1776751	1849933	2809432	9197034	13076	13092	2762	2822	1232	1343	1071	1271	1098	1320	976	2393	188	192	98	76	159	212	57	45	0
*	*	3p	-	56	2636729	1700102	1746645	2646333	8729809	12103	12944	2921	2838	1221	1256	944	1144	1042	1217	886	2236	146	189	59	103	151	155	53	53	0
*	*	3p	-	57	2516376	1577185	1657544	2511630	8262735	11354	12374	2899	2480	1075	1231	888	968	1066	1200	877	2162	201	131	64	90	167	133	30	40	0
*	*	3p	-	58	2364899	1511490	1574284	2353996	7804669	10218	12148	2601	2348	1021	1222	919	1075	950	1212	926	2113	149	128	67	56	136	125	25	48	0
*	*	3p	-	59	2227031	1424088	1482864	2219948	7353931	9928	11722	2533	2230	1170	1038	847	944	925	1071	893	1974	99	117	71	73	137	136	45	40	0
*	*	3p	-	60	2068438	1346089	1389237	2113120	6916884	9118	11605	2201	2179	954	956	775	987	854	1021	834	1797	137	125	66	81	144	117	30	23	0
*	*	3p	-	61	1968158	1243580	1306349	1974799	6492886	8204	10831	2228	1956	928	1056	734	870	719	923	752	1654	132	119	57	54	125	98	34	22	0
*	*	3p	-	62	1848639	1172645	1215387	1854062	6090733	7934	10094	2045	1899	834	895	618	894	723	935	596	1605	135	103	42	39	109	99	25	29	0
*	*	3p	-	63	1730765	1093324	1157735	1725555	5707379	7474	9681	1868	1806	810	856	712	779	746	886	690	1556	98	81	80	48	93	101	36	20	0
*	*	3p	-	64	1625353	1021658	1079254	1620471	5346736	6760	9295	1834	1589	856	850	701	817	665	761	673	1500	69	77	50	67	82	92	13	19	0
*	*	3p	-	65	1517666	955916	990109	1537605	5001296	6188	8937	1614	1745	685	865	570	699	755	837	538	1425	103	88	40	39	121	81	35	33	0
*	*	3p	-	66	1425837	899041	918092	1431641	4674611	5777	8289	1580	1448	713	794	540	675	579	781	554	1183	98	59	39	30	86	86	30	12	0
*	*	3p	-	67	1332720	837099	851949	1343008	4364776	5288	7938	1427	1302	656	703	455	598	507	722	407	1189	64	56	38	51	78	77	20	8	0
*	*	3p	-	68	1230693	788039	807082	1247078	4072892	5052	7724	1355	1181	584	661	497	554	504	619	516	1168	65	48	18	46	66	64	11	24	0
*	*	3p	-	69	1144666	738379	748102	1162668	3793815	4938	7166	1261	1162	518	615	415	552	461	540	401	1093	46	55	27	40	73	61	15	9	0
*	*	3p	-	70	1063710	675412	700552	1091103	3530777	4560	6591	1132	1142	478	575	416	459	468	583	362	932	66	48	18	29	70	53	24	13	0
*	*	5p	+	1	4498476	4020716	2853490	4488477	15861159	6847	144096	5637	8457	4301	5729	1936	3092	2556	4321	3721	5658	0	0	0	0	0	0	0	0	9
*	*	5p	+	2	4535207	2524073	3403418	5398380	15861078	6525	60903	7326	4907	3139	4871	2336	3152	2931	3895	1572	5404	0	1	0	0	42	22	27	18	9
*	*	5p	+	3	4881747	3146983	3149512	4682802	15861044	6137	43229	5600	5413	2744	3048	2191	3039	2710	3535	2153	5037	16	19	8	14	83	78	30	44	7
*	*	5p	+	4	4903290	3056069	3110148	4791090	15860597	5743	30243	5416	5336	2471	2497	1855	2432	2453	2846	1983	5525	49	44	24	23	271	271	82	98	0
*	*	5p	+	5	4939689	2944159	3432405	4543817	15860070	5399	20433	5604	4575	2320	2408	2022	2057	2208	2361	1797	4715	295	210	99	71	533	471	109	144	0
*	*	5p	+	6	4885889	2962691	3278449	4732963	15859992	5036	16034	5211	4732	2122	2269	1677	1828	1997	2115	1791	4214	283	415	100	95	445	658	120	130	0
*	*	5p	+	7	4742186	3078938	3299612	4739384	15860120	4890	12937	5008	4773	1977	2014	1724	1795	1912	2121	1653	3561	344	480	160	117	427	572	105	126	0
*	*	5p	+	8	4470735	3233496	3081073	5074749	15860053	4378	12715	4622	4673	2041	2075	1646	1738	1871	1786	1744	4182	358	518	135	149	415	647	114	120	0
*	*	5p	+	9	4355944	3163210	3214619	5126262	15860035	4404	11449	4959	4873	2186	1794	1794	1697	1959	1681	1925	4107	414	553	134	121	449	577	128	151	0
*	*	5p	+	10	4493233	3272515	3340953	4753221	15859922	4540	10084	4926	4409	1881	1752	1744	1833	1787	1608	1894	3665	654	529	149	143	666	515	114	136	0
*	*	5p	+	11	4584196	3262433	3266866	4746391	15859886	4290	9364	5107	4786	2059	1820	1854	1628	2053	1664	1817	3601	618	531	170	155	609	551	137	150	0
*	*	5p	+	12	4583125	3287346	3345205	4644269	15859945	4459	8795	5267	4689	1929	1665	2025	1618	2248	1673	1708	3689	582	565	127	164	587	537	137	145	0
*	*	5p	+	13	4619148	3278817	3341842	4620148	15859955	4633	8215	4904	4674	1894	1748	1719	1689	1825	1742	1753	3565	605	573	181	180	582	550	130	130	0
*	*	5p	+	14	4575610	3330188	3367842	4586384	15860024	4621	8298	4721	4592	1783	1580	1792	1758	1804	1580	1771	3921	533	573	197	182	485	563	138	138	0
*	*	5p	+	15	4605656	3344364	3350780	4559059	15859859	5184	8299	4782	4555	1933	1714	1456	1668	1803	1595	1738	3980	681	594	153	161	621	619	112	131	0
*	*	5p	+	16	4608051	3326031	3355389	4570254	15859725	6072	7982	5447	4613	1809	1731	1848	1744	2090	1838	1735	3842	621	602	156	204	617	649	114	160	0
*	*	5p	+	17	4560980	3309683	3400724	4588406	15859793	7747	7843	5221	4750	1837	1699	1735	1573	2090	1548	1625	3794	653	553	143	198	595	647	146	172	0
*	*	5p	+	18	4531351	3317374	3466464	4544598	15859787	11264	7675	4776	4600	1558	1714	1656	1660	1862	1671	1834	3840	537	684	151	207	571	647	167	163	0
*	*	5p	+	19	4560934	3311992	3469491	4517340	15859757	16491	7814	4903	4576	1679	1488	1806	1747	1898	1591	1794	3717	588	726	169	208	589	703	117	153	0
*	*	5p	+	20	4573981	3308213	3489382	4488102	15859678	22872	7576	5036	4470	1669	1633	1726	1710	1718	1415	1941	3686	662	744	178	190	714	737	108	118	0
*	*	5p	+	21	4583993	3293520	3438376	4543791	15859680	30430	7696	4798	4753	1735	1706	1586	1861	1693	1778	1680	3555	737	749	164	182	672	732	93	170	0
*	*	5p	+	22	4609492	3249095	3411247	4589846	15859680	38499	7288	4899	4690	1692	1645	1577	1752	1772	1601	1604	3511	637	754	162	208	647	760	132	133	0
*	*	5p	+	23	4584725	3256910	3426714	4591175	15859524	47128	7470	4638	4591	1543	1543	1705	1852	1690	1548	1810	3702	717	741	167	193	814	731	140	144	0
*	*	5p	+	24	4593978	3238974	3470567	4556109	15859628	55928	7369	4648	4358	1593	1558	1636	1857	1615	1725	1598	3574	661	759	158	213	721	719	129	152	0
*	*	5p	+	25	4622894	3238865	3440048	4557867	15859674	64135	7142	4565	4579	1746	1619	1678	1952	1653	1612	1713	3715	655	719	163	286	658	640	118	129	0
*	*	5p	+	26	4610752	3245580	3408538	4594928	15859798	71850	7250	4820	4692	1684	1678	1606	2004	1595	1671	1700	3422	598	701	198	229	597	698	116	140	0
*	*	5p	+	27	4605598	3187371	3445874	4621001	15859844	80348	6988	4782	4781	1742	1565	1605	2083	1769	1838	1696	3531	541	616	173	254	589	650	119	146	0
*	*	5p	+	28	4589361	3228592	3443182	4598634	15859769	87751	6899	4564	4765	1589	1444	1664	2176	1691	1742	1634	3385	575	645	139	280	593	711	127	146	0
*	*	5p	+	29	4611118	3226015	3462932	4559643	15859708	96081	7011	4628	4641	1698	1574	1802	2458	1807	1865	1736	3548	582	676	187	237	661	673	122	145	0
*	*	5p	+	30	4664401	3214080	3470264	4511028	15859773	103883	6369	4740	4771	1678	1605	1695	2184	1639	1799	1642	3446	584	676	226	292	610	680	121	161	0
*	*	5p	+	31	4634751	3205856	3440752	4557251	15838610	110817	6477	4461	4950	1733	1627	1422	2268	1678	1985	1689	3295	574	690	257	260	563	672	142	146	0
*	*	5p	+	32	4598752	3198484	3395857	4614922	15808015	115607	6364	4570	4894	1691	1685	1637	2347	1804	1912	1581	3544	526	645	226	300	632	612	127	150	0
*	*	5p	+	33	4576563	3194705	3413396	4582449	15767113	121534	6229	4486	5073	1627	1608	1630	2392	1910	2093	1668	3378	509	673	231	293	636	680	103	129	0
*	*	5p	+	34	4560251	3160557	3420758	4573088	15714654	128421	6248	4295	5097	1588	1560	1626	2433	1785	1966	1732	3278	545	629	177	301	615	572	90	160	0
*	*	5p	+	35	4654631	3116020	3384459	4490829	15645939	135279	6124	4976	4968	1656	1617	1793	2660	2046	1955	1786	3168	578	609	190	349	685	525	128	144	0
*	*	5p	+	36	4598533	3111253	3361999	4486581	15558366	140241	5777	4280	5220	1668	1690	1603	2637	1853	2045	1650	3140	577	589	190	336	605	557	113	132	0
*	*	5p	+	37	4586658	3071909	3313093	4476665	15448325	147211	5797	4778	5265	1573	1625	1753	2787	2041	2118	1536	2994	583	586	230	325	657	526	120	105	0
*	*	5p	+	38	4533369	3008043	3321909	4449585	15312906	155203	5786	4317	5353	1729	1708	1637	2800	1923	2361	1775	3106	449	603	228	316	567	474	138	130	0
*	*	5p	+	39	4477357	3006034	3287941	4376455	15147787	161033	5531	4294	5389	1674	1687	1664	3076	1941	2210	1507	3242	404	513	235	313	525	480	96	134	0
*	*	5p	+	40	4459432	2936910	3249135	4313543	14959020	167886	5536	4372	5354	1726	1862	1653	2943	1762	2251	1696	3203	470	480	280	307	493	465	112	141	0
*	*	5p	+	41	4372309	2894701	3141229	4336701	14744940	171709	5779	4398	5545	1620	1734	1643	2992	1896	2446	1721	2780	409	545	210	361	497	484	122	133	0
*	*	5p	+	42	4321539	2848621	3065374	4268914	14504448	175510	5285	4279	5415	1617	1847	1427	2788	1799	2375	1483	2785	445	567	243	266	501	385	93	102	0
*	*	5p	+	43	4214058	2790718	3022062	4208484	14235322	181810	5219	4121	5686	1492	1743	1628	3018	1803	2558	1622	2808	424	549	262	286	560	429	93	96	0
*	*	5p	+	44	4156703	2702130	2981477	4097043	13937353	186402	5179	4470	5260	1549	1599	1847	3225	2135	2564	1723	2752	404	446	213	245	466	371	97	143	0
*	*	5p	+	45	4097577	2621033	2875406	4019114	13613130	188348	5037	4054	5388	1597	1733	1624	2949	1869	2457	1452	2816	345	496	242	246	484	439	73	113	0
*	*	5p	+	46	3987080	2539532	2790092	3943007	13259711	190151	4882	3931	5330	1579	1611	1340	2903	1725	2544	1457	2701	351	459	223	254	401	365	72	93	0
*	*	5p	+	47	3875102	2447694	2734646	3820866	12878308	196139	4853	3920	5410	1496	1648	1388	3004	1736	2587	1413	2520	349	440	197	280	400	326	88	85	0
*	*	5p	+	48	3772254	2348731	2693091	3653491	12467567	198712	4498	3764	5197	1404	1600	1452	2991	1855	2575	1455	2646	372	385	214	207	348	304	98	102	0
*	*	5p	+	49	3639803	2292990	2583983	3508876	12025652	198466	4377	3517	5236	1372	1576	1425	2980	1617	2434	1311	2330	344	314	203	217	398	317	94	103	0
*	*	5p	+	50	3495813	2203604	2484170	3379463	11563050	196288	4376	3665	4789	1435	1671	1382	2958	1495	2449	1283	2353	347	361	184	214	375	326	76	93	0
*	*	5p	+	51	3361956	2122136	2340998	3266224	11091314	191055	3920	3455	5071	1346	1547	1354	2875	1583	2396	1241	2176	307	408	206	198	365	252	78	88	0
*	*	5p	+	52	3217256	2012033	2230206	3156401	10615896	187602	3589	3455	4892	1302	1457	1263	2767	1485	2357	1103	2101	274	351	169	210	331	253	89	73	0
*	*	5p	+	53	3066709	1928461	2153801	2992121	10141092	185340	3829	3179	4796	1228	1314	1281	2713	1463	2283	1081	2074	298	305	190	190	299	237	81	67	0
*	*	5p	+	54	2939248	1823311	2055551	2849058	9667168	180951	3441	2854	4474	1207	1351	1114	2622	1254	1937	1189	1883	243	289	152	173	272	262	31	56	0
*	*	5p	+	55	2834208	1722490	1945036	2694301	9196035	175665	3236	2899	4141	1096	1315	1093	2608	1218	2044	1162	1991	281	278	124	145	269	216	43	60	0
*	*	5p	+	56	2676916	1625676	1855980	2569144	8727716	171561	3105	2776	4090	1031	1351	1059	2369	1234	1926	1060	1642	238	219	148	139	262	204	64	66	0
*	*	5p	+	57	2537595	1546153	1729136	2447562	8260446	163744	2990	2485	4040	1012	1280	890	2214	1178	2006	921	1538	209	194	124	117	233	182	46	72	0
*	*	5p	+	58	2376226	1466948	1654796	2302438	7800408	159320	2853	2468	3834	907	1133	990	2241	1097	1914	913	1532	197	188	141	130	194	147	37	60	0
*	*	5p	+	59	2242764	1372867	1566621	2167203	7349455	153429	2722	2313	3839	869	1060	942	2121	1132	1769	915	1504	192	187	126	133	240	159	51	64	0
*	*	5p	+	60	2126137	1290316	1479451	2015212	6911116	146994	2502	2374	3358	898	1128	828	2072	994	1719	864	1452	165	190	102	146	178	175	64	70	0
*	*	5p	+	61	1996452	1212176	1367602	1912844	6489074	137723	2396	2157	3262	824	1027	755	1868	982	1686	761	1293	145	203	98	117	189	130	48	45	0
*	*	5p	+	62	1874079	1130067	1293033	1789981	6087160	131549	2367	1962	3067	779	976	773	1832	954	1569	754	1197	173	179	83	99	180	154	28	55	0
*	*	5p	+	63	1745145	1069706	1206441	1682352	5703644	124646	2268	1932	2939	746	978	740	1749	990	1477	805	1127	144	128	91	96	139	131	24	40	0
*	*	5p	+	64	1636117	997286	1129056	1579445	5341904	117975	1998	1797	2776	777	923	672	1615	822	1458	678	1098	115	140	102	107	125	82	36	39	0
*	*	5p	+	65	1548014	921975	1057318	1469194	4996501	111543	1953	1847	2565	721	910	617	1595	862	1376	671	1031	129	166	65	74	150	104	23	40	0
*	*	5p	+	66	1447853	851804	989141	1381504	4670302	103411	1634	1684	2456	612	830	681	1433	786	1300	529	1014	131	133	69	79	124	74	21	43	0
*	*	5p	+	67	1359090	790637	923027	1287796	4360550	97489	1570	1423	2195	631	746	532	1371	775	1233	557	888	95	144	69	94	144	63	24	31	0
*	*	5p	+	68	1261456	744967	868632	1191694	4066749	91899	1478	1460	2188	619	750	543	1371	645	1090	513	858	87	110	52	85	131	49	30	28	0
*	*	5p	+	69	1174015	692080	812110	1109613	3787818	85985	1462	1329	1781	498	715	506	1160	620	1171	464	850	80	79	59	75	100	60	26	37	0
*	*	5p	+	70	1099960	649181	744267	1032252	3525660	78287	1250	1325	1871	467	674	376	1150	637	977	449	712	89	89	51	63	113	69	26	28	0
*	*	5p	-	1	4515565	4021002	2855341	4470188	15862096	6660	144803	5623	8442	4401	5931	1999	3256	2640	4296	3598	5736	0	0	0	0	0	0	0	0	5
*	*	5p	-	2	4557475	2522230	3401643	5380770	15862118	6479	62689	7247	4840	3141	4869	2385	3235	3048	3770	1666	5551	0	0	2	0	3	1	0	0	5
*	*	5p	-	3	4893729	3149397	3155928	4663134	15862188	5983	43759	5701	5252	2659	2926	2219	3086	2516	3544	2161	5277	4	0	0	0	7	6	6	5	2
*	*	5p	-	4	4921340	3055047	3116981	4768808	15862176	5819	30571	5303	5141	2527	2676	1771	2531	2353	2876	1935	5534	5	2	4	3	20	18	15	7	0
*	*	5p	-	5	4963698	2939113	3430588	4528394	15861793	5441	20679	5805	4542	2431	2383	2004	2200	2129	2539	1860	4832	53	17	56	51	150	136	65	90	0
*	*	5p	-	6	4905509	2961359	3276408	4718483	15861759	5101	15917	5148	4870	2091	2267	1749	1832	1980	2275	1712	4275	68	61	97	54	161	174	87	77	0
*	*	5p	-	7	4765940	3080934	3303905	4710998	15861777	4683	13080	4981	4532	2043	2059	1800	1699	2004	1996	1616	3373	77	80	111	84	143	120	127	88	0
*	*	5p	-	8	4492267	3232596	3080938	5055973	15861774	4469	12890	4782	4764	2084	2041	1724	1763	1677	1746	1753	3937	93	103	100	109	126	141	104	114	0
*	*	5p	-	9	4381848	3156543	3218218	5105148	15861757	4451	11723	4891	4749	2177	1905	1841	1631	1811	1632	1970	4029	142	108	118	105	172	170	91	76	0
*	*	5p	-	10	4513324	3270811	3343280	4734326	15861741	4522	9898	5008	4604	2014	1912	1828	1667	1753	1499	1775	3646	130	122	140	99	167	155	94	105	0
*	*	5p	-	11	4607511	3265539	3275087	4713514	15861651	4361	9554	5159	4769	2176	1827	1746	1675	1860	1741	1905	3513	172	188	125	116	173	218	101	98	0
*	*	5p	-	12	4601811	3279253	3348820	4631818	15861702	4262	8994	5218	4699	1926	1668	1966	1690	2250	1710	1647	3622	163	174	126	145	142	207	101	99	0
*	*	5p	-	13	4636508	3283957	3347393	4593739	15861597	4439	8226	4972	4658	2062	1747	1840	1533	1747	1623	1746	3627	208	211	140	127	214	266	94	96	0
*	*	5p	-	14	4599220	3327829	3368432	4566006	15861487	4565	8473	4740	4649	1820	1608	1855	1640	1707	1499	1796	3880	222	200	119	154	254	289	130	108	0
*	*	5p	-	15	4635174	3345669	3350728	4529832	15861403	5307	8370	4913	4600	1935	1741	1650	1758	1674	1540	1740	3847	250	280	136	145	291	318	129	129	0
*	*	5p	-	16	4624802	3321614	3364266	4550628	15861310	5972	7903	5014	4844	1880	1720	2001	1534	2093	1675	1780	3615	216	341	151	148	294	364	108	104	0
*	*	5p	-	17	4580468	3297783	3410244	4572816	15861311	7760	7748	5072	4772	1756	1782	1802	1644	2041	1603	1668	3741	393	319	106	177	381	380	97	97	0
*	*	5p	-	18	4548762	3315771	3471540	4525162	15861235	11233	7770	4779	4685	1726	1638	1813	1680	1804	1570	1764	3791	373	389	161	168	336	426	127	137	0
*	*	5p	-	19	4584489	3310768	3466353	4499589	15861199	16034	7760	4950	4771	1753	1598	1926	1816	1890	1649	1737	3773	403	416	143	165	410	416	120	98	0
*	*	5p	-	20	4591968	3304055	3486203	4478820	15861046	23126	7580	4872	4616	1774	1801	1768	1651	1614	1477	1831	3706	430	414	157	161	444	514	132	129	0
*	*	5p	-	21	4599622	3286034	3452791	4522649	15861096	30711	7705	4693	4512	1702	1739	1804	1822	1704	1697	1725	3590	485	429	116	192	456	461	128	127	0
*	*	5p	-	22	4634280	3239131	3420632	4567035	15861078	38440	7447	4721	4590	1757	1642	1594	1533	1661	1732	1552	3671	454	469	150	165	470	492	117	110	0
*	*	5p	-	23	4603539	3261924	3432789	4562759	15861011	47268	7651	4731	4493	1594	1527	1620	1876	1637	1718	1729	3670	453	458	136	180	509	486	118	145	0
*	*	5p	-	24	4612187	3236885	3476532	4535455	15861059	56421	7050	4668	4533	1668	1595	1625	1842	1623	1630	1690	3725	521	452	146	184	559	448	96	104	0
*	*	5p	-	25	4646516	3233650	3444764	4535962	15860892	65525	7286	4872	4373	1772	1741	1655	1836	1585	1592	1723	3710	519	429	138	227	549	449	103	138	0
*	*	5p	-	26	4622635	3241281	3415237	4581761	15860914	71936	7294	4578	4703	1739	1618	1653	1976	1689	1754	1609	3473	557	506	134	197	605	488	116	143	0
*	*	5p	-	27	4626211	3180530	3456688	4597447	15860876	80295	7056	4604	4748	1804	1645	1632	1956	1779	1806	1586	3572	573	450	151	210	628	511	114	137	0
*	*	5p	-	28	4607250	3240607	3443189	4569741	15860787	87795	6892	4542	4754	1559	1552	1749	2162	1745	1857	1686	3449	594	456	193	266	673	531	141	137	0
*	*	5p	-	29	4630556	3217050	3471373	4541728	15860707	95676	6735	4569	4933	1653	1698	1632	2262	1754	1915	1660	3485	640	534	171	275	622	634	125	136	0
*	*	5p	-	30	4680592	3213774	3474655	4491766	15860787	103804	6374	4716	4689	1692	1792	1577	2277	1730	1753	1701	3451	637	647	140	258	633	556	135	158	0
*	*	5p	-	31	4647446	3198832	3445765	4547358	15839401	111307	6436	4503	4886	1601	1702	1664	2310	1706	1975	1678	3442	648	602	230	259	670	610	129	150	0
*	*	5p	-	32	4615026	3193762	3398404	4601641	15808833	115920	6405	4328	4994	1656	1690	1601	2409	1823	1950	1599	3284	648	625	235	274	704	619	114	143	0
*	*	5p	-	33	4601592	3189436	3416263	4561267	15768558	122528	6178	4353	5125	1682	1609	1723	2392	1822	2010	1702	3311	674	676	213	319	723	588	108	132	0
*	*	5p	-	34	4573588	3158344	3427173	4556822	15715927	129065	6450	4337	5228	1618	1543	1636	2721	1836	1944	1666	3281	671	629	224	350	683	670	109	136	0
*	*	5p	-	35	4667663	3111983	3389259	4478476	15647381	133528	6147	4785	5003	1719	1699	1843	2690	2134	1935	1603	3344	735	670	210	316	698	604	159	152	0
*	*	5p	-	36	4611679	3106914	3371561	4469997	15560151	141713	6098	4597	5112	1704	1540	1589	2774	1826	2051	1732	3135	723	710	233	369	706	708	156	163	0
*	*	5p	-	37	4604990	3062352	3319721	4462428	15449491	146904	5815	4744	5377	1704	1695	1876	2616	2155	2202	1514	3082	695	703	250	275	709	711	125	157	0
*	*	5p	-	38	4556771	3009428	3325490	4422465	15314154	154404	6004	4277	5380	1587	1659	1645	2868	1948	2215	1623	3245	728	725	252	386	771	676	143	149	0
*	*	5p	-	39	4490763	3010372	3290157	4357672	15148964	162186	5818	4294	5316	1677	1533	1572	3269	1785	2254	1619	3080	712	809	220	365	720	714	102	158	0
*	*	5p	-	40	4487934	2929351	3251266	4291258	14959809	167155	5729	4478	5208	1801	1711	1595	2910	1808	2198	1635	3000	650	753	255	355	721	669	158	122	0
*	*	5p	-	41	4384276	2889791	3149203	4321201	14744471	171885	5618	4131	5503	1603	1648	1706	2858	1757	2542	1593	2862	664	755	243	329	739	693	125	114	0
*	*	5p	-	42	4330003	2839232	3074354	4259961	14503550	176523	5378	4281	5515	1700	1716	1582	2843	1789	2346	1474	2930	652	748	252	340	696	701	90	146	0
*	*	5p	-	43	4225057	2795378	3021666	4191654	14233755	181557	5509	3978	5684	1656	1620	1615	3120	1834	2429	1566	2837	674	768	277	360	644	645	157	155	0
*	*	5p	-	44	4174668	2698030	2983409	4082035	13938142	185602	5140	4375	5351	1597	1738	1763	3093	2150	2484	1570	2880	669	685	267	278	638	620	102	107	0
*	*	5p	-	45	4115653	2620682	2873165	4004750	13614250	188517	4963	4230	5445	1648	1798	1642	3058	1807	2415	1489	2767	576	730	250	289	573	594	155	140	0
*	*	5p	-	46	4007118	2538756	2790984	3924007	13260865	190426	4848	4054	5466	1518	1574	1509	3016	1786	2558	1535	2570	601	690	213	259	630	568	112	160	0
*	*	5p	-	47	3883034	2448849	2739164	3807606	12878653	195861	4474	3842	5308	1437	1725	1448	3103	1680	2464	1445	2398	581	676	220	291	644	640	120	146	0
*	*	5p	-	48	3793102	2349957	2691944	3632610	12467613	198580	4682	3566	5342	1519	1619	1412	3003	1645	2458	1404	2539	499	606	263	318	606	607	112	141	0
*	*	5p	-	49	3655816	2292575	2582689	3495549	12026629	197961	4210	3589	5226	1388	1586	1392	3021	1588	2383	1378	2397	574	612	189	315	576	565	120	139	0
*	*	5p	-	50	3513876	2200468	2487757	3364254	11566355	196912	4091	3555	4932	1361	1666	1358	2887	1558	2374	1316	2243	477	534	164	289	581	570	75	125	0
*	*	5p	-	51	3378247	2121479	2340149	3252999	11092874	191150	3929	3450	4960	1286	1482	1231	2993	1623	2265	1244	2125	472	532	173	264	451	568	87	108	0
*	*	5p	-	52	3224712	2010976	2237161	3146283	10619132	189184	3897	3139	4662	1307	1597	1211	2828	1505	2197	1204	1982	522	508	206	267	449	534	91	125	0
*	*	5p	-	53	3081513	1922298	2158551	2979705	10142067	185720	3785	3253	4725	1232	1369	1134	2722	1514	2301	1129	2062	472	527	161	228	488	518	131	108	0
*	*	5p	-	54	2957048	1820274	2054718	2834564	9666604	180382	3426	3006	4273	1089	1302	1206	2577	1415	2096	1146	1825	444	517	200	259	471	484	88	90	0
*	*	5p	-	55	2847146	1717212	1945296	2686780	9196434	175180	3288	2836	4201	1124	1308	1084	2522	1321	1973	1079	1757	386	501	193	233	475	401	71	98	0
*	*	5p	-	56	2685511	1625621	1861020	2557062	8729214	171523	2984	2744	3963	1068	1286	1054	2317	1268	2082	1033	1632	360	478	151	225	446	350	104	75	0
*	*	5p	-	57	2550451	1542181	1727876	2441642	8262150	162737	3111	2559	3903	992	1381	948	2415	1214	1983	871	1541	311	437	138	191	415	389	89	47	0
*	*	5p	-	58	2389358	1467775	1655318	2291677	7804128	159056	2905	2502	3685	1000	1209	945	2315	1165	1876	944	1528	278	427	139	182	396	316	78	76	0
*	*	5p	-	59	2255598	1376588	1563725	2157494	7353405	152818	2748	2315	3639	833	1170	986	2115	1117	1750	919	1473	333	365	125	159	363	350	80	74	0
*	*	5p	-	60	2133464	1286816	1485841	2010183	6916304	146354	2395	2330	3315	992	1040	901	2048	991	1724	845	1463	275	294	117	152	398	328	61	74	0
*	*	5p	-	61	2005694	1212034	1368111	1906512	6492351	137221	2518	2207	3489	832	1170	838	1920	952	1631	765	1361	288	289	129	200	344	305	57	64	0
*	*	5p	-	62	1882502	1125908	1295707	1786045	6090162	131746	2203	1952	3103	795	974	777	1766	954	1486	654	1255	280	308	133	155	335	308	83	64	0
*	*	5p	-	63	1755599	1068245	1208186	1674902	5706932	124514	2324	1841	2864	714	915	750	1781	891	1559	642	1065	219	279	111	116	307	261	51	53	0
*	*	5p	-	64	1653034	996626	1127143	1569431	5346234	117869	2139	1670	2783	749	897	763	1729	803	1530	713	1095	234	262	98	127	275	303	58	52	0
*	*	5p	-	65	1556268	920442	1058799	1465427	5000936	112321	1921	1797	2511	680	964	564	1539	729	1385	615	1006	219	246	102	127	252	235	61	67	0
*	*	5p	-	66	1453725	849977	991532	1378967	4674201	104099	1713	1658	2413	584	832	584	1512	798	1257	598	900	147	264	80	85	251	269	37	41	0
*	*	5p	-	67	1363051	790414	926296	1284573	4364334	97159	1541	1406	2236	602	842	482	1284	740	1242	521	799	209	161	84	94	301	200	42	45	0
*	*	5p	-	68	1270128	743382	870213	1188803	4072526	91894	1497	1317	2115	588	670	544	1370	643	1192	551	839	175	225	74	89	270	164	24	51	0
*	*	5p	-	69	1182036	690874	815780	1104771	3793461	86247	1351	1347	1899	455	628	467	1116	560	1056	455	807	151	197	67	109	222	183	38	51	0
*	*	5p	-	70	1106496	646427	748489	1029105	3530517	79222	1196	1248	1818	558	614	435	1181	567	892	457	770	178	143	98	85	198	142	28	41	0
