ORT15 bamrefine5 1 | GCsV 0 ORT15 5970925 166367 39664 0 5958958 142323 34906 11967 24044 4758 0.200 14.452 11.996 18.702 0.869712 0.887306
ORT15 bamrefine5 2 | GCsV 0 ORT15 6547123 173789 43519 0 6535357 149630 38871 11766 24159 4648 0.180 13.901 10.680 17.712 0.878924 0.893778
ORT15 bamrefine5 3 | GCsV 0 ORT15 5375628 156146 35326 0 5366405 138038 31178 9223 18108 4148 0.172 11.597 11.742 15.685 0.889899 0.903010
ORT15 bamrefine5 4 | GCsV 0 ORT15 5266512 160302 35865 0 5257589 142684 32201 8923 17618 3664 0.169 10.991 10.216 14.728 0.896577 0.908791
ORT15 bamrefine5 5 | GCsV 0 ORT15 4860163 130034 32217 0 4851189 112719 28484 8974 17315 3733 0.185 13.316 11.587 17.534 0.879936 0.895165
ORT15 bamrefine5 6 | GCsV 0 ORT15 4599874 146411 38331 0 4590951 128760 34502 8923 17651 3829 0.194 12.056 9.989 15.699 0.893653 0.907015
ORT15 bamrefine5 7 | GCsV 0 ORT15 4349641 121197 33004 0 4341550 104701 29114 8091 16496 3890 0.186 13.611 11.786 17.547 0.882849 0.897965
ORT15 bamrefine5 8 | GCsV 0 ORT15 4260960 112454 30729 0 4253521 97510 27697 7439 14944 3032 0.175 13.289 9.867 16.873 0.888147 0.901953
ORT15 bamrefine5 9 | GCsV 0 ORT15 3293176 89100 22982 0 3286114 75017 19715 7062 14083 3267 0.214 15.806 14.215 20.489 0.859780 0.877947
ORT15 bamrefine5 10 | GCsV 0 ORT15 3681948 101745 29147 0 3674628 87749 26085 7320 13996 3062 0.199 13.756 10.505 17.638 0.882796 0.895580
ORT15 bamrefine5 11 | GCsV 0 ORT15 3734076 101376 29901 0 3727375 86772 26749 6701 14604 3152 0.179 14.406 10.541 17.725 0.884876 0.900941
ORT15 bamrefine5 12 | GCsV 0 ORT15 3561559 101199 23193 0 3554733 87405 20346 6826 13794 2847 0.192 13.631 12.275 17.884 0.874271 0.889966
ORT15 bamrefine5 13 | GCsV 0 ORT15 2622249 75414 21346 0 2616545 65072 18952 5704 10342 2394 0.218 13.714 11.215 17.997 0.880297 0.896071
ORT15 bamrefine5 14 | GCsV 0 ORT15 2442104 69566 18713 0 2437144 59816 16640 4960 9750 2073 0.203 14.015 11.078 18.000 0.878234 0.894471
ORT15 bamrefine5 15 | GCsV 0 ORT15 2236724 59172 17290 0 2231605 49556 14935 5119 9616 2355 0.229 16.251 13.621 20.949 0.861278 0.878703
ORT15 bamrefine5 16 | GCsV 0 ORT15 2506282 65442 16315 0 2500819 54229 13564 5463 11213 2751 0.218 17.134 16.862 22.274 0.845280 0.863061
ORT15 bamrefine5 17 | GCsV 0 ORT15 2148369 56647 14993 0 2143266 45587 12511 5103 11060 2482 0.238 19.524 16.554 24.295 0.831933 0.854302
ORT15 bamrefine5 18 | GCsV 0 ORT15 2089050 60352 15105 0 2084734 51784 13055 4316 8568 2050 0.207 14.197 13.572 18.721 0.871089 0.889447
ORT15 bamrefine5 19 | GCsV 0 ORT15 1684047 51556 11421 0 1679517 41517 9078 4530 10039 2343 0.269 19.472 20.515 25.052 0.818098 0.845561
ORT15 bamrefine5 20 | GCsV 0 ORT15 1675906 46102 11477 0 1671715 38397 9599 4191 7705 1878 0.250 16.713 16.363 22.299 0.842691 0.863156
ORT15 bamrefine5 21 | GCsV 0 ORT15 1011646 30907 7431 0 1008736 25974 6064 2910 4933 1367 0.288 15.961 18.396 22.328 0.839664 0.863388
ORT15 bamrefine5 22 | GCsV 0 ORT15 1014983 29429 7261 0 1011985 23017 5766 2998 6412 1495 0.295 21.788 20.589 27.477 0.803493 0.834120
ORT15 rescale5 1 | GCsV 0 ORT15 5970925 166367 39664 0 5958972 143158 34779 11953 23209 4885 0.200 13.950 12.316 18.372 0.872031 0.887875
ORT15 rescale5 2 | GCsV 0 ORT15 6547123 173789 43519 0 6535134 150346 38630 11989 23443 4889 0.183 13.489 11.234 17.585 0.879720 0.894517
ORT15 rescale5 3 | GCsV 0 ORT15 5375628 156146 35326 0 5366205 138295 30945 9423 17851 4381 0.175 11.432 12.402 15.757 0.889168 0.902987
ORT15 rescale5 4 | GCsV 0 ORT15 5266512 160302 35865 0 5257392 142459 31973 9120 17843 3892 0.173 11.131 10.852 15.030 0.894165 0.907969
ORT15 rescale5 5 | GCsV 0 ORT15 4860163 130034 32217 0 4851428 113214 28274 8735 16820 3943 0.180 12.935 12.239 17.252 0.881165 0.896130
ORT15 rescale5 6 | GCsV 0 ORT15 4599874 146411 38331 0 4590807 128687 34586 9067 17724 3745 0.197 12.106 9.770 15.756 0.893689 0.907493
ORT15 rescale5 7 | GCsV 0 ORT15 4349641 121197 33004 0 4341106 104084 29245 8535 17113 3759 0.196 14.120 11.390 18.070 0.879052 0.895880
ORT15 rescale5 8 | GCsV 0 ORT15 4260960 112454 30729 0 4253844 97950 27943 7116 14504 2786 0.167 12.898 9.066 16.238 0.892503 0.904464
ORT15 rescale5 9 | GCsV 0 ORT15 3293176 89100 22982 0 3285465 75229 19556 7711 13871 3426 0.234 15.568 14.907 20.876 0.856851 0.876335
ORT15 rescale5 10 | GCsV 0 ORT15 3681948 101745 29147 0 3674143 87357 25559 7805 14388 3588 0.212 14.141 12.310 18.588 0.876009 0.892018
ORT15 rescale5 11 | GCsV 0 ORT15 3734076 101376 29901 0 3727113 86945 26505 6963 14431 3396 0.186 14.235 11.357 17.933 0.883010 0.899394
ORT15 rescale5 12 | GCsV 0 ORT15 3561559 101199 23193 0 3554633 87124 20321 6926 14075 2872 0.194 13.908 12.383 18.180 0.872180 0.889030
ORT15 rescale5 13 | GCsV 0 ORT15 2622249 75414 21346 0 2616662 65107 18911 5587 10307 2435 0.213 13.667 11.407 17.909 0.881110 0.896022
ORT15 rescale5 14 | GCsV 0 ORT15 2442104 69566 18713 0 2437210 59500 16760 4894 10066 1953 0.200 14.470 10.437 18.152 0.878002 0.896136
ORT15 rescale5 15 | GCsV 0 ORT15 2236724 59172 17290 0 2231721 49588 14901 5003 9584 2389 0.224 16.197 13.817 20.838 0.862047 0.879084
ORT15 rescale5 16 | GCsV 0 ORT15 2506282 65442 16315 0 2500737 54378 13564 5545 11064 2751 0.221 16.907 16.862 22.176 0.845494 0.866767
ORT15 rescale5 17 | GCsV 0 ORT15 2148369 56647 14993 0 2143094 45605 12499 5275 11042 2494 0.246 19.493 16.634 24.457 0.831587 0.853270
ORT15 rescale5 18 | GCsV 0 ORT15 2089050 60352 15105 0 2084473 51785 13210 4577 8567 1895 0.219 14.195 12.546 18.791 0.869746 0.887886
ORT15 rescale5 19 | GCsV 0 ORT15 1684047 51556 11421 0 1679619 41677 9257 4428 9879 2164 0.263 19.162 18.948 24.436 0.823327 0.848654
ORT15 rescale5 20 | GCsV 0 ORT15 1675906 46102 11477 0 1671868 38565 9731 4038 7537 1746 0.241 16.349 15.213 21.619 0.847606 0.867948
ORT15 rescale5 21 | GCsV 0 ORT15 1011646 30907 7431 0 1008824 25921 6066 2822 4986 1365 0.279 16.132 18.369 22.286 0.840259 0.865174
ORT15 rescale5 22 | GCsV 0 ORT15 1014983 29429 7261 0 1011920 23375 5827 3063 6054 1434 0.302 20.572 19.749 26.541 0.809160 0.834899
ORT16 bamrefine5 1 | GCsV 0 ORT16 5970823 166365 39768 0 5962672 145637 36565 8151 20728 3203 0.137 12.459 8.054 14.972 0.897741 0.909196
ORT16 bamrefine5 2 | GCsV 0 ORT16 6544514 175245 44672 0 6536191 153755 41681 8323 21490 2991 0.127 12.263 6.695 14.373 0.904475 0.915873
ORT16 bamrefine5 3 | GCsV 0 ORT16 5383056 145805 38239 0 5376606 129393 35490 6450 16412 2749 0.120 11.256 7.189 13.445 0.911085 0.921435
ORT16 bamrefine5 4 | GCsV 0 ORT16 5263420 162216 37043 0 5256637 146107 34359 6783 16109 2684 0.129 9.931 7.246 12.413 0.914303 0.923836
ORT16 bamrefine5 5 | GCsV 0 ORT16 4855554 132124 34736 0 4849264 116044 32253 6290 16080 2483 0.130 12.170 7.148 14.353 0.904791 0.917888
ORT16 bamrefine5 6 | GCsV 0 ORT16 4593741 153707 37168 0 4587108 139210 34177 6633 14497 2991 0.144 9.432 8.047 12.213 0.917017 0.927055
ORT16 bamrefine5 7 | GCsV 0 ORT16 4347255 124438 32149 0 4341361 109629 29947 5894 14809 2202 0.136 11.901 6.849 14.097 0.906043 0.917352
ORT16 bamrefine5 8 | GCsV 0 ORT16 4259854 111445 32844 0 4254813 97985 30894 5041 13460 1950 0.118 12.078 5.937 13.695 0.912562 0.922962
ORT16 bamrefine5 9 | GCsV 0 ORT16 3287723 94227 23308 0 3282794 81924 21048 4929 12303 2260 0.150 13.057 9.696 15.917 0.892054 0.906126
ORT16 bamrefine5 10 | GCsV 0 ORT16 3680668 105276 26896 0 3675121 92121 24748 5547 13155 2148 0.151 12.496 7.986 15.140 0.898186 0.909943
ORT16 bamrefine5 11 | GCsV 0 ORT16 3728224 109777 27352 0 3723300 96998 25348 4924 12779 2004 0.132 11.641 7.327 13.873 0.906663 0.916889
ORT16 bamrefine5 12 | GCsV 0 ORT16 3562245 96046 27660 0 3557265 83509 25525 4980 12537 2135 0.140 13.053 7.719 15.271 0.901323 0.913557
ORT16 bamrefine5 13 | GCsV 0 ORT16 2618730 81855 18424 0 2615111 72975 17378 3619 8880 1046 0.138 10.848 5.677 13.037 0.909686 0.921056
ORT16 bamrefine5 14 | GCsV 0 ORT16 2439911 75226 15246 0 2436850 66477 14059 3061 8749 1187 0.125 11.630 7.786 13.896 0.900369 0.912011
ORT16 bamrefine5 15 | GCsV 0 ORT16 2233944 63000 16242 0 2230858 54159 14720 3086 8841 1522 0.138 14.033 9.371 16.336 0.890873 0.904603
ORT16 bamrefine5 16 | GCsV 0 ORT16 2506779 64874 16386 0 2502414 54505 14484 4365 10369 1902 0.174 15.983 11.607 19.429 0.868219 0.884854
ORT16 bamrefine5 17 | GCsV 0 ORT16 2150413 55691 13905 0 2146510 45834 12208 3903 9857 1697 0.182 17.699 12.204 21.030 0.855339 0.875475
ORT16 bamrefine5 18 | GCsV 0 ORT16 2088135 61797 14575 0 2084948 54198 13182 3187 7599 1393 0.153 12.297 9.557 15.308 0.894761 0.907579
ORT16 bamrefine5 19 | GCsV 0 ORT16 1685119 49874 12031 0 1681861 41490 10400 3258 8384 1631 0.193 16.810 13.557 20.369 0.858704 0.877259
ORT16 bamrefine5 20 | GCsV 0 ORT16 1675402 45737 12346 0 1672497 38536 11141 2905 7201 1205 0.173 15.744 9.760 18.546 0.876808 0.891749
ORT16 bamrefine5 21 | GCsV 0 ORT16 1012540 28186 9258 0 1010623 24019 8501 1917 4167 757 0.189 14.784 8.177 17.380 0.889765 0.904901
ORT16 bamrefine5 22 | GCsV 0 ORT16 1015132 28252 8289 0 1012726 22494 7209 2406 5758 1080 0.237 20.381 13.029 23.735 0.843209 0.865887
ORT16 rescale5 1 | GCsV 0 ORT16 5970823 166365 39768 0 5962650 145666 36591 8173 20699 3177 0.137 12.442 7.989 14.955 0.897998 0.909197
ORT16 rescale5 2 | GCsV 0 ORT16 6544514 175245 44672 0 6536561 153447 41557 7953 21798 3115 0.122 12.439 6.973 14.423 0.904282 0.915732
ORT16 rescale5 3 | GCsV 0 ORT16 5383056 145805 38239 0 5376322 129264 35455 6734 16541 2784 0.125 11.345 7.281 13.659 0.909037 0.921161
ORT16 rescale5 4 | GCsV 0 ORT16 5263420 162216 37043 0 5256625 146614 34266 6795 15602 2777 0.129 9.618 7.497 12.217 0.915494 0.925318
ORT16 rescale5 5 | GCsV 0 ORT16 4855554 132124 34736 0 4849457 116842 32392 6097 15282 2344 0.126 11.566 6.748 13.716 0.908917 0.919451
ORT16 rescale5 6 | GCsV 0 ORT16 4593741 153707 37168 0 4587170 138881 34323 6571 14826 2845 0.143 9.646 7.654 12.278 0.916409 0.927474
ORT16 rescale5 7 | GCsV 0 ORT16 4347255 124438 32149 0 4341203 109367 29711 6052 15071 2438 0.139 12.111 7.583 14.487 0.903316 0.915802
ORT16 rescale5 8 | GCsV 0 ORT16 4259854 111445 32844 0 4254484 98430 30683 5370 13015 2161 0.126 11.678 6.580 13.729 0.912339 0.921414
ORT16 rescale5 9 | GCsV 0 ORT16 3287723 94227 23308 0 3282767 81939 20949 4956 12288 2359 0.151 13.041 10.121 16.004 0.891382 0.906386
ORT16 rescale5 10 | GCsV 0 ORT16 3680668 105276 26896 0 3675014 92696 24666 5654 12580 2230 0.154 11.950 8.291 14.848 0.900088 0.911507
ORT16 rescale5 11 | GCsV 0 ORT16 3728224 109777 27352 0 3723278 97042 25259 4946 12735 2093 0.133 11.601 7.652 13.918 0.906244 0.917527
ORT16 rescale5 12 | GCsV 0 ORT16 3562245 96046 27660 0 3556886 83934 25429 5359 12112 2231 0.150 12.611 8.066 15.265 0.900853 0.912928
ORT16 rescale5 13 | GCsV 0 ORT16 2618730 81855 18424 0 2615353 72802 17452 3377 9053 972 0.129 11.060 5.276 12.929 0.910872 0.921815
ORT16 rescale5 14 | GCsV 0 ORT16 2439911 75226 15246 0 2436845 66651 14090 3066 8575 1156 0.126 11.399 7.582 13.681 0.902203 0.911844
ORT16 rescale5 15 | GCsV 0 ORT16 2233944 63000 16242 0 2230691 54124 14659 3253 8876 1583 0.146 14.089 9.746 16.622 0.888844 0.902661
ORT16 rescale5 16 | GCsV 0 ORT16 2506779 64874 16386 0 2502590 54718 14502 4189 10156 1884 0.167 15.655 11.498 18.993 0.871859 0.887307
ORT16 rescale5 17 | GCsV 0 ORT16 2150413 55691 13905 0 2146610 46157 12308 3803 9534 1597 0.177 17.119 11.485 20.346 0.860193 0.876387
ORT16 rescale5 18 | GCsV 0 ORT16 2088135 61797 14575 0 2085298 54165 13204 2837 7632 1371 0.136 12.350 9.407 14.948 0.897907 0.910230
ORT16 rescale5 19 | GCsV 0 ORT16 1685119 49874 12031 0 1681738 41564 10296 3381 8310 1735 0.201 16.662 14.421 20.565 0.857861 0.876753
ORT16 rescale5 20 | GCsV 0 ORT16 1675402 45737 12346 0 1672252 38182 11044 3150 7555 1302 0.188 16.518 10.546 19.609 0.869396 0.889153
ORT16 rescale5 21 | GCsV 0 ORT16 1012540 28186 9258 0 1010663 23875 8519 1877 4311 739 0.185 15.295 7.982 17.617 0.889053 0.905233
ORT16 rescale5 22 | GCsV 0 ORT16 1015132 28252 8289 0 1012959 22467 7069 2173 5785 1220 0.214 20.476 14.718 23.707 0.844306 0.866336
