Sample	Library	End	Std	Pos	A	C	G	T	Total	G>A	C>T	A>G	T>C	A>C	A>T	C>G	C>A	T>G	T>A	G>C	G>T	A>-	T>-	C>-	G>-	->A	->T	->C	->G	S
*	*	3p	+	1	8010436	5945077	5479530	8034721	27469764	25461	8669	8718	14733	4129	4786	3958	6110	3997	5853	3852	6136	39	25	33	46	444	385	300	332	27471406
*	*	3p	+	2	7955112	6010360	5490287	8013570	27469329	19832	9550	8187	14064	3990	4678	3375	4744	3645	5176	3401	5751	180	197	198	170	580	545	415	386	27471406
*	*	3p	+	3	8642962	5497366	5865935	7462846	27469109	20825	9103	8799	11282	3323	3955	3958	4905	3588	4702	3157	5426	250	269	263	262	753	533	414	453	27471406
*	*	3p	+	4	8479277	5822305	5807160	7360512	27469254	19718	8243	8106	11113	3402	3448	3764	4621	3375	4158	3647	5211	295	359	356	307	670	539	414	395	27471406
*	*	3p	+	5	7886614	6023840	5892335	7666850	27469639	17144	8336	7702	11079	2974	3029	3662	4176	3406	3989	3825	5434	330	358	359	306	597	515	298	340	27471406
*	*	3p	+	6	7777696	6144540	5722874	7824702	27469812	14704	8307	7933	10991	3171	3271	3340	3731	3305	4263	3010	5103	353	358	346	315	540	443	276	316	0
*	*	3p	+	7	7725612	6050952	5848388	7844906	27469858	13760	8128	8184	10249	3085	3442	3106	3634	3309	3934	3069	5048	350	368	341	274	507	434	237	246	0
*	*	3p	+	8	7831100	6015029	5810302	7813498	27469929	13663	7918	8095	9782	3188	3364	3158	3781	2996	3381	3113	4957	367	374	342	293	482	444	207	225	0
*	*	3p	+	9	7782216	6083343	5931953	7672425	27469937	13524	8462	7934	9385	3172	3257	3370	3651	3086	3122	3471	5232	404	411	302	296	551	503	206	193	0
*	*	3p	+	10	7658704	6027843	5985956	7797223	27469726	12976	8263	7646	9609	2943	2844	3401	3808	3294	3488	3547	5266	446	465	375	298	626	579	226	233	0
*	*	3p	+	11	7687344	6062405	5915172	7804526	27469447	12330	8285	7800	9718	2900	3051	3134	3539	3229	3503	3247	4911	500	518	369	321	727	663	199	232	0
*	*	3p	+	12	7731874	6055456	5886879	7795226	27469435	11723	8309	7989	9833	3061	3391	3101	3436	3217	3657	2819	4939	558	608	356	268	755	763	243	193	0
*	*	3p	+	13	7758704	6082703	5997717	7629986	27469110	11690	8486	8108	9103	3115	3156	3084	3601	3010	3150	3094	5163	567	657	354	290	884	841	237	223	0
*	*	3p	+	14	7670244	6177744	5943514	7677433	27468935	11408	8920	7741	8852	3113	3012	3116	3505	3005	3117	3370	5324	606	647	405	285	954	1032	246	219	0
*	*	3p	+	15	7559679	6211237	5976334	7721484	27468734	11385	9315	7648	8953	2955	2811	3259	3575	3105	3326	3457	5638	589	692	362	311	1078	1099	250	217	0
*	*	3p	+	16	7627111	6157179	5931318	7753060	27468668	10717	9733	7839	9018	2832	3076	3164	3186	3187	3413	2809	5379	664	694	329	279	1112	1129	233	253	0
*	*	3p	+	17	7706892	6064295	5884460	7812873	27468520	10440	10011	7845	8980	3146	3232	3217	3298	3144	3476	2891	5168	629	704	317	313	1127	1253	256	238	0
*	*	3p	+	18	7818569	6054138	5920394	7675335	27468436	10412	10216	8020	8415	3205	3156	3120	3474	2998	3056	2959	5278	711	803	344	289	1150	1348	236	222	0
*	*	3p	+	19	7690085	6093965	6028537	7655680	27468267	10382	10717	7820	8297	3040	3041	3224	3549	2957	2953	3261	5346	719	774	381	285	1240	1391	252	233	0
*	*	3p	+	20	7676527	5930914	6072885	7787854	27468180	10324	11267	7678	8401	2952	2855	3075	3242	3050	3046	3251	5777	728	832	339	304	1244	1462	230	260	0
*	*	3p	+	21	7671104	5898922	5931239	7784522	27285787	9738	11749	7619	8480	2947	3109	3224	3235	3100	3535	2962	5624	760	812	310	283	1266	1428	273	241	0
*	*	3p	+	22	7617943	5847872	5821810	7763840	27051465	9242	11811	7692	8240	2927	3241	2922	3198	3108	3364	2896	5447	759	869	327	288	1387	1437	248	227	0
*	*	3p	+	23	7584484	5771896	5735966	7668576	26760922	8903	11784	7868	7934	3020	3260	3126	3276	2897	2998	2893	5397	827	856	334	308	1301	1458	253	230	0
*	*	3p	+	24	7454946	5662412	5682821	7600738	26400917	8992	11909	7442	7794	2963	3029	3095	3257	3039	2991	3138	5575	853	892	365	313	1311	1512	274	223	0
*	*	3p	+	25	7283728	5587152	5632308	7458677	25961865	8600	12157	7075	7848	2624	2725	3050	3426	2885	3108	3046	5749	826	894	327	336	1328	1491	236	237	0
*	*	3p	+	26	7243692	5391846	5442335	7365565	25443438	8271	12319	7366	7914	2805	2954	2932	3211	2923	3444	2907	5405	862	958	309	276	1425	1506	245	259	0
*	*	3p	+	27	7062659	5224007	5306346	7242853	24835865	7726	12088	7257	7579	2779	2863	2724	3017	2886	3227	2759	4957	865	1015	314	307	1362	1485	226	261	0
*	*	3p	+	28	6967903	5052000	5115576	7016857	24152336	7466	11780	7392	7005	2923	3100	2862	3041	2594	2835	2799	5216	882	891	308	333	1401	1495	201	278	0
*	*	3p	+	29	6738280	4903037	4957609	6796808	23395734	7586	12110	6924	6810	2720	2809	2746	2891	2605	2660	2904	5048	905	841	281	247	1412	1426	242	233	0
*	*	3p	+	30	6382292	4719124	4776656	6696085	22574157	7417	12030	6361	7027	2510	2639	2724	2859	2617	2906	2785	5146	873	901	331	277	1404	1468	223	256	0
*	*	3p	+	31	6168914	4522396	4553182	6463225	21707717	6936	11482	6318	6675	2497	2592	2500	2726	2508	3028	2507	4814	830	858	334	267	1380	1421	229	226	0
*	*	3p	+	32	5990522	4298066	4269406	6244239	20802233	6227	11352	6232	6821	2462	2668	2324	2617	2582	2935	2260	4488	857	885	284	264	1364	1416	221	230	0
*	*	3p	+	33	5793529	4076264	4074925	5912249	19856967	6023	10857	6111	5936	2361	2675	2431	2724	2276	2532	2289	4377	854	823	275	226	1346	1363	198	195	0
*	*	3p	+	34	5456502	3863920	3950620	5611786	18882828	6008	10165	5666	5602	2296	2471	2280	2553	2194	2383	2455	4348	817	779	258	221	1312	1257	222	189	0
*	*	3p	+	35	5129166	3698799	3737657	5332468	17898090	5823	10502	5441	5336	2031	2149	2134	2427	2106	2392	2330	4586	716	750	254	250	1231	1257	202	206	0
*	*	3p	+	36	4893053	3424279	3483631	5110063	16911026	5356	9637	5373	5414	1967	2172	2043	2271	2193	2528	1872	3963	698	791	230	202	1266	1163	196	192	0
*	*	3p	+	37	4637009	3210040	3257486	4817825	15922360	4923	9067	4944	4941	1888	2112	1939	2082	1994	2351	1798	3528	603	762	242	239	1110	1129	180	183	0
*	*	3p	+	38	4425567	3016264	3027395	4461650	14930876	4620	8598	4891	4664	1794	2219	1789	2048	1788	2087	1807	3428	653	684	227	219	1031	1130	171	179	0
*	*	3p	+	39	4083493	2832231	2862354	4177363	13955441	4683	8244	4237	4261	1638	1894	1717	1844	1836	1868	1886	3412	591	608	212	209	999	1043	160	176	0
*	*	3p	+	40	3776663	2622375	2663473	3943516	13006027	4261	7691	3868	4162	1525	1667	1619	1825	1764	1880	1687	3261	578	581	189	195	910	1010	142	138	0
*	*	3p	+	41	3532216	2410274	2440615	3708639	12091744	3808	7280	3627	3838	1420	1738	1563	1733	1711	1858	1484	2934	494	563	164	177	901	935	132	143	0
*	*	3p	+	42	3312273	2240300	2243183	3419656	11215412	3461	6771	3462	3562	1399	1660	1347	1549	1513	1829	1323	2686	471	493	159	140	849	866	139	124	0
*	*	3p	+	43	3087652	2089499	2084218	3117735	10379104	3275	6360	3513	3328	1286	1635	1385	1475	1252	1411	1188	2493	426	503	168	144	810	801	115	129	0
*	*	3p	+	44	2800760	1926678	1965608	2897931	9590977	3095	5835	3094	2870	1179	1423	1193	1331	1246	1348	1303	2500	389	440	120	121	716	775	89	122	0
*	*	3p	+	45	2557906	1775210	1815146	2696502	8844764	2810	5706	2854	2978	1060	1223	1266	1366	1161	1407	1196	2325	396	380	138	149	655	680	108	100	0
*	*	3p	+	46	2392684	1615255	1631655	2502091	8141685	2742	5108	2714	2626	1078	1200	1023	1168	1109	1222	906	2024	354	363	136	118	613	610	99	96	0
*	*	3p	+	47	2201920	1505972	1487449	2286648	7481989	2375	4728	2454	2468	1034	1211	933	1036	998	1183	875	1787	305	307	99	100	544	584	67	81	0
*	*	3p	+	48	2038087	1375978	1363060	2085542	6862667	2142	4381	2360	2217	882	1052	909	1024	956	1131	831	1598	280	263	101	74	495	535	83	66	0
*	*	3p	+	49	1861938	1255467	1258848	1904106	6280359	2104	3966	2051	2015	752	1041	910	869	843	984	941	1584	239	230	91	76	437	472	63	49	0
*	*	3p	+	50	1671414	1151582	1153029	1764547	5740572	1918	3693	1898	1847	675	844	825	862	841	1013	849	1456	202	220	72	73	381	439	51	49	0
*	*	3p	+	51	1543735	1041386	1052925	1605228	5243274	1689	3373	1837	1768	682	829	734	809	751	864	650	1431	168	208	74	76	311	381	42	52	0
*	*	3p	+	52	1415108	945246	946621	1480596	4787571	1487	3186	1677	1608	681	725	611	723	618	860	577	1118	164	174	73	70	296	315	42	34	0
*	*	3p	+	53	1299101	867448	867728	1335572	4369849	1376	2842	1539	1434	605	744	570	658	526	700	573	1131	174	152	48	52	239	264	33	25	0
*	*	3p	+	54	1173917	794307	801291	1217490	3987005	1365	2652	1388	1373	541	628	539	637	487	590	602	1038	111	162	49	38	238	245	21	27	0
*	*	3p	+	55	1051590	731973	736551	1117285	3637399	1235	2533	1225	1279	463	509	582	536	544	614	564	927	114	114	31	38	208	212	33	18	0
*	*	3p	+	56	970019	660693	661023	1026324	3318059	1027	2192	1056	1201	469	525	475	508	485	552	422	861	122	121	41	30	163	230	26	16	0
*	*	3p	+	57	897515	599155	597029	932811	3026510	1034	2017	1114	1048	411	499	454	513	394	497	433	743	93	99	43	30	161	183	20	14	0
*	*	3p	+	58	824917	545368	547065	842085	2759435	961	1866	1028	947	411	444	387	408	399	462	382	667	95	117	28	39	163	172	21	24	0
*	*	3p	+	59	745549	498792	501872	768951	2515164	905	1643	905	831	306	387	400	352	380	439	361	664	68	82	27	29	136	140	18	18	0
*	*	3p	+	60	668386	457711	456217	709565	2291879	775	1611	753	862	298	354	371	405	291	407	339	583	79	67	16	20	127	156	16	15	0
*	*	3p	+	61	616842	417838	410628	646028	2091336	705	1373	764	744	268	380	269	324	336	356	253	540	62	60	17	16	127	118	19	9	0
*	*	3p	+	62	564168	378102	373235	596337	1911842	697	1232	698	717	245	319	271	283	263	353	263	482	63	58	12	15	104	117	11	15	0
*	*	3p	+	63	519382	348084	342077	538352	1747895	549	1119	608	586	226	300	243	225	248	269	219	464	41	60	21	11	101	98	10	15	0
*	*	3p	+	64	473572	319150	315815	492306	1600843	563	1053	583	545	183	287	238	230	197	254	243	441	52	47	18	16	83	100	21	12	0
*	*	3p	+	65	428973	294632	291498	454014	1469117	538	928	577	529	191	218	221	203	227	227	207	407	46	46	12	18	81	88	6	14	0
*	*	3p	+	66	399248	268598	264239	419078	1351163	455	909	467	465	169	209	184	226	174	259	196	325	39	40	23	5	78	107	11	8	0
*	*	3p	+	67	368390	245717	244731	385927	1244765	406	821	464	460	186	245	175	175	164	244	131	280	32	34	14	10	65	79	7	4	0
*	*	3p	+	68	343542	228505	224577	351021	1147645	371	682	448	320	141	201	173	214	119	214	156	325	28	44	22	7	68	64	6	5	0
*	*	3p	+	69	313913	211367	209763	324378	1059421	359	683	417	366	125	181	151	142	155	163	170	248	26	32	11	9	39	68	4	3	0
*	*	3p	+	70	286836	194877	192761	304463	978937	351	579	322	342	127	151	110	139	131	181	137	301	36	37	9	7	45	49	4	5	0
*	*	3p	-	1	8042046	5927283	5508728	8005318	27483375	25808	8600	8774	14595	4164	5208	3781	6249	3956	5911	3741	6009	477	495	172	157	1718	1595	407	444	27487710
*	*	3p	-	2	8012721	5997476	5503487	7969000	27482684	19403	9705	8212	14069	4071	4770	3305	4905	3490	5366	3358	5856	770	903	353	249	1927	2033	474	434	27487710
*	*	3p	-	3	8713003	5469344	5885975	7414764	27483086	20846	9065	8891	11489	3464	4594	3710	5224	3335	4786	2920	5333	851	835	375	350	1901	1650	409	500	27487710
*	*	3p	-	4	8524203	5798255	5843754	7316952	27483164	20009	8373	8408	10890	3356	3823	3573	4844	3360	4507	3684	5475	928	974	495	400	1752	1792	385	464	27487710
*	*	3p	-	5	7921540	6003867	5938124	7620065	27483596	17215	8671	7837	10733	3029	3244	3649	4191	3307	3947	3618	5397	882	1090	516	377	1536	1773	398	395	27487710
*	*	3p	-	6	7822954	6120698	5754981	7785365	27483998	14791	8177	7874	10725	3093	3421	3337	4110	3103	4066	2929	4963	993	1065	467	343	1496	1572	322	310	0
*	*	3p	-	7	7775847	6035702	5857344	7815168	27484061	13720	8200	8125	10357	3101	3517	3151	3742	3185	3845	3065	4788	937	962	392	383	1494	1381	347	299	0
*	*	3p	-	8	7902169	5991990	5824492	7765471	27484122	13355	7759	8045	9705	3162	3492	3122	3532	2982	3437	3068	4698	949	971	432	321	1442	1463	257	286	0
*	*	3p	-	9	7830292	6058984	5969228	7625754	27484258	13326	8090	8109	9098	3131	3138	3293	3696	3000	3108	3242	5207	943	983	443	353	1434	1425	282	293	0
*	*	3p	-	10	7704431	6006179	6026067	7747561	27484238	12872	8224	7799	9319	3003	2898	3390	3763	3356	3341	3367	5194	953	964	411	359	1391	1481	269	310	0
*	*	3p	-	11	7726537	6045435	5944519	7767726	27484217	12063	8003	7761	9655	2924	3134	3216	3510	3161	3473	3097	5227	966	905	422	349	1421	1402	269	267	0
*	*	3p	-	12	7794882	6035522	5901272	7752630	27484306	11540	8114	7943	9526	3102	3305	2857	3402	3160	3563	2794	4925	921	970	400	331	1439	1409	303	235	0
*	*	3p	-	13	7822155	6056315	6025427	7580263	27484160	11834	8355	8052	8807	3156	3450	3161	3628	3014	3242	2879	5017	929	948	381	334	1473	1398	277	294	0
*	*	3p	-	14	7719704	6152409	5979626	7632283	27484022	11438	8802	7769	8946	3081	3138	3160	3384	3019	3145	3175	5191	967	1000	406	339	1521	1556	302	292	0
*	*	3p	-	15	7601992	6185902	6017735	7678421	27484050	11595	9154	7780	9060	3094	2830	3418	3385	3102	3300	3422	5487	955	984	362	361	1566	1502	264	306	0
*	*	3p	-	16	7670343	6137378	5959428	7717074	27484223	10778	9598	7779	8877	2915	3168	3129	3216	2987	3586	3025	5284	972	908	396	339	1610	1351	272	239	0
*	*	3p	-	17	7756155	6045935	5905265	7776838	27484193	10447	10074	7811	9050	3202	3339	2965	3376	3177	3429	2939	5238	879	879	393	290	1561	1393	288	264	0
*	*	3p	-	18	7890261	6025872	5932966	7635142	27484241	10348	10391	8106	8527	3151	3291	3106	3466	2857	3189	3021	5334	898	831	340	308	1559	1378	262	252	0
*	*	3p	-	19	7738838	6070479	6067962	7607143	27484422	10342	10915	7783	8260	3152	3055	3117	3530	3034	3024	3287	5504	848	850	338	275	1453	1281	251	293	0
*	*	3p	-	20	7720031	5902384	6113529	7748563	27484507	10432	11169	7755	8304	2976	2954	3167	3323	3165	3257	3329	5891	811	775	325	301	1478	1242	222	247	0
*	*	3p	-	21	7710231	5875291	5969063	7748158	27302743	9996	11781	7868	8582	2967	3210	3354	3439	3042	3471	2907	5492	817	737	331	326	1342	1247	260	244	0
*	*	3p	-	22	7676588	5828645	5840482	7723462	27069177	9024	12132	7706	8416	3089	3293	3028	3470	3059	3483	2923	5453	840	866	313	325	1321	1334	248	271	0
*	*	3p	-	23	7646867	5751946	5754626	7624747	26778186	9142	11871	7812	8026	3117	3311	3172	3409	3009	2962	2928	5480	752	864	338	331	1266	1379	222	224	0
*	*	3p	-	24	7512206	5642488	5708973	7554275	26417942	8974	12089	7491	7839	3096	3237	3164	3288	2952	3039	3064	5458	787	795	308	333	1217	1231	238	228	0
*	*	3p	-	25	7320251	5564328	5677060	7416638	25978277	8856	12438	7290	7818	2799	2853	3278	3321	2814	3028	3067	5867	687	742	339	293	1118	1111	246	243	0
*	*	3p	-	26	7283274	5374782	5473358	7328416	25459830	8347	12415	7346	8117	2979	3076	3040	3307	2968	3405	2867	5416	680	740	307	268	1138	1154	194	233	0
*	*	3p	-	27	7113298	5208823	5320451	7210123	24852695	7703	12427	7113	7685	2846	3127	2920	3234	2942	3348	2713	5124	703	657	268	307	1054	1117	216	205	0
*	*	3p	-	28	7028590	5031114	5133364	6976370	24169438	7637	12004	7218	7296	2925	3247	2843	3129	2688	2909	2827	5362	674	615	258	266	964	977	192	196	0
*	*	3p	-	29	6791355	4875157	4991010	6754669	23412191	7836	12135	6941	6882	3036	2893	2702	3013	2589	2722	2871	5250	561	642	277	261	847	954	196	204	0
*	*	3p	-	30	6420481	4699544	4815077	6656077	22591179	7468	12352	6577	7014	2496	2739	2822	2909	2645	2837	2817	5309	590	575	267	277	859	890	182	189	0
*	*	3p	-	31	6204140	4497628	4587735	6434889	21724392	7185	11863	6539	6807	2584	2644	2522	2830	2583	2972	2569	4881	486	540	233	218	818	800	178	186	0
*	*	3p	-	32	6042625	4272076	4283648	6219819	20818168	6360	11416	6454	6653	2730	2922	2401	2773	2652	3014	2418	4465	483	472	240	210	799	754	169	183	0
*	*	3p	-	33	5842791	4059204	4095298	5875788	19873081	6360	10732	6279	5944	2553	2836	2509	2786	2349	2486	2375	4316	386	426	226	215	704	645	182	173	0
*	*	3p	-	34	5501320	3837715	3982789	5576812	18898636	6121	10369	5796	5565	2382	2607	2424	2629	2266	2337	2543	4408	436	440	213	189	632	670	135	162	0
*	*	3p	-	35	5159666	3674381	3781349	5298201	17913597	5785	10392	5552	5451	2096	2253	2366	2520	2175	2473	2328	4532	409	398	228	181	650	647	145	137	0
*	*	3p	-	36	4928177	3410508	3511774	5075692	16926151	5516	9819	5320	5265	2170	2368	2257	2162	2148	2477	2036	3950	358	369	183	147	558	599	135	146	0
*	*	3p	-	37	4684479	3190363	3266377	4795821	15937040	4817	9093	5114	5172	1981	2411	2014	2207	2178	2418	1876	3724	330	371	174	182	514	598	117	129	0
*	*	3p	-	38	4469733	2996297	3049707	4428656	14944393	4684	8431	4913	4658	2005	2303	1853	2035	1717	2164	1752	3501	314	322	155	151	483	480	132	131	0
*	*	3p	-	39	4123623	2807891	2893400	4142234	13967148	4596	8137	4440	4352	1724	2086	1856	1896	1736	1916	1970	3387	312	296	149	160	477	469	99	104	0
*	*	3p	-	40	3802055	2601347	2696138	3916323	13015863	4354	7922	4023	4176	1618	1761	1722	1871	1702	1874	1817	3284	229	282	170	102	428	380	114	113	0
*	*	3p	-	41	3563537	2392706	2458669	3686278	12101190	3863	7393	3760	4048	1575	1846	1565	1729	1693	1881	1484	3073	227	246	137	115	337	349	97	82	0
*	*	3p	-	42	3357100	2223762	2252978	3388246	11222086	3590	6836	3715	3629	1570	1797	1446	1651	1439	1755	1328	2692	223	191	122	105	327	302	98	85	0
*	*	3p	-	43	3121627	2069907	2100877	3091225	10383636	3452	6241	3570	3223	1453	1812	1478	1555	1196	1401	1405	2498	192	213	103	95	268	304	96	76	0
*	*	3p	-	44	2829752	1909416	1988238	2866697	9594103	3303	5957	3276	3004	1171	1480	1306	1389	1236	1424	1401	2457	180	177	116	94	280	263	70	78	0
*	*	3p	-	45	2578988	1755703	1843194	2669130	8847015	3034	5763	2967	2882	1150	1313	1227	1322	1231	1287	1313	2289	158	182	85	109	249	248	60	68	0
*	*	3p	-	46	2408951	1604886	1646932	2482527	8143296	2698	5242	2773	2757	1081	1306	1180	1308	1155	1250	1104	2085	141	158	86	72	227	235	69	60	0
*	*	3p	-	47	2229519	1491913	1494655	2266848	7482935	2447	4773	2469	2620	1081	1352	988	1135	973	1293	989	1798	131	120	73	76	189	205	45	43	0
*	*	3p	-	48	2068171	1358512	1378830	2057007	6862520	2258	4389	2362	2222	923	1135	925	1093	853	1024	925	1735	119	132	57	67	189	204	39	46	0
*	*	3p	-	49	1881964	1240889	1279631	1879118	6281602	2161	4141	2243	2141	878	1171	897	996	879	996	939	1632	114	118	62	59	154	159	34	47	0
*	*	3p	-	50	1688198	1139546	1170319	1742503	5740566	2013	3958	1937	1882	766	943	832	912	843	1065	888	1531	102	113	43	62	129	133	35	40	0
*	*	3p	-	51	1558607	1033649	1062922	1587144	5242322	1809	3455	1815	1775	719	929	787	808	757	872	735	1435	98	78	58	43	125	144	36	23	0
*	*	3p	-	52	1431577	936883	952019	1465431	4785910	1639	3227	1756	1617	668	836	668	729	635	882	649	1235	61	93	47	36	97	112	20	34	0
*	*	3p	-	53	1317957	857641	875446	1316749	4367793	1438	2788	1585	1421	693	842	657	676	535	668	636	1166	72	73	32	31	97	105	13	13	0
*	*	3p	-	54	1188693	783330	814170	1198903	3985096	1465	2680	1464	1344	590	650	540	633	485	644	591	1126	55	57	39	37	86	95	25	14	0
*	*	3p	-	55	1062721	720419	749213	1102450	3634803	1301	2546	1272	1156	497	593	585	642	587	552	613	988	33	66	38	31	77	92	15	20	0
*	*	3p	-	56	978255	653064	669251	1015485	3316055	1119	2301	1139	1225	490	576	483	499	475	619	467	928	41	46	23	31	84	67	17	18	0
*	*	3p	-	57	910328	590881	600680	922088	3023977	1034	2045	1011	1020	433	560	475	531	411	569	403	774	51	30	22	19	71	81	11	13	0
*	*	3p	-	58	839336	537111	551563	828561	2756571	1041	1777	1067	907	473	490	408	477	392	428	376	761	50	52	14	17	68	61	14	15	0
*	*	3p	-	59	755487	492602	507519	756237	2511845	926	1729	892	834	459	419	418	404	358	373	370	644	41	27	16	18	60	72	16	9	0
*	*	3p	-	60	676185	450553	464279	697357	2288374	843	1624	863	846	333	394	361	384	348	395	392	555	21	43	16	12	66	65	6	10	0
*	*	3p	-	61	623853	410292	416425	637417	2087987	745	1476	733	734	322	405	333	327	286	429	286	557	22	25	7	13	40	52	5	13	0
*	*	3p	-	62	572731	371990	375051	588661	1908433	600	1299	728	720	295	347	245	293	248	379	279	468	23	38	12	8	42	33	5	11	0
*	*	3p	-	63	527902	342971	344118	529634	1744625	554	1087	622	567	264	313	297	262	226	298	252	490	25	31	12	14	50	53	6	9	0
*	*	3p	-	64	479488	313964	320628	484356	1598436	617	1015	539	544	232	288	262	234	242	296	232	480	22	16	13	26	38	35	9	9	0
*	*	3p	-	65	433138	289850	296545	447833	1467366	559	983	513	503	190	221	286	257	238	253	233	396	20	24	16	9	35	53	7	8	0
*	*	3p	-	66	402392	265160	267851	413917	1349320	496	831	517	420	201	264	181	223	193	240	200	364	19	12	11	14	40	37	5	3	0
*	*	3p	-	67	375694	241448	245993	379482	1242617	457	734	440	512	187	239	167	232	189	218	183	343	10	23	15	9	33	38	8	2	0
*	*	3p	-	68	350843	223087	226718	344832	1145480	368	715	422	371	150	218	171	195	146	195	185	318	11	18	6	11	23	31	4	8	0
*	*	3p	-	69	318483	206550	213914	317957	1056904	396	635	344	324	143	192	178	157	177	167	176	267	15	15	5	6	28	23	2	2	0
*	*	3p	-	70	289900	190955	196057	299520	976432	383	578	362	356	118	151	155	183	158	174	182	272	15	15	8	3	21	23	8	1	0
*	*	5p	+	1	7962238	5514239	5904698	8087376	27468551	7668	24298	9165	8333	3665	4438	3374	3860	3554	4345	3187	6961	427	421	101	98	1182	1199	219	223	27471406
*	*	5p	+	2	7935051	5524807	5983805	8024554	27468217	7490	18687	8800	7864	3237	3930	3128	3832	3682	4002	2764	6012	686	599	142	169	1401	1336	196	236	27471406
*	*	5p	+	3	7409294	5905586	5457823	8695811	27468514	6906	20429	7730	8368	3102	3783	2917	3180	3143	4007	3223	6595	585	690	217	173	1097	1310	232	231	27471406
*	*	5p	+	4	7303518	5852433	5777400	8534929	27468280	6696	19373	7847	8024	3325	3528	3448	3536	3176	3256	3271	6670	727	648	216	225	1354	1298	234	227	27471406
*	*	5p	+	5	7599831	5933413	5984332	7950774	27468350	7171	16964	8056	7517	3184	3088	3589	3538	2912	2919	3341	5956	751	691	249	221	1355	1169	254	266	27471406
*	*	5p	+	6	7748792	5785410	6098560	7835681	27468443	6919	14997	8201	7714	3132	3352	3066	3168	3085	3121	3136	5928	752	742	227	280	1282	1199	213	247	0
*	*	5p	+	7	7779643	5898699	6010334	7779775	27468451	6877	13924	8283	7788	3148	3189	3147	2963	3210	3279	2964	5795	720	795	302	235	1183	1239	241	275	0
*	*	5p	+	8	7748490	5864469	5964966	7890513	27468438	6639	13503	7770	7787	3004	2949	2990	2903	3148	3288	3054	5770	726	726	266	293	1234	1220	259	236	0
*	*	5p	+	9	7621234	5991292	6019539	7836244	27468309	6965	13243	7487	7868	2890	2676	3166	3223	3037	3052	3294	6035	751	797	286	294	1199	1342	274	261	0
*	*	5p	+	10	7725418	6044320	5960554	7737933	27468225	6863	12974	8016	7750	3188	2980	3293	3311	3007	2764	3174	6174	779	799	276	273	1328	1309	272	256	0
*	*	5p	+	11	7735714	5971527	6002506	7758517	27468264	6896	12552	8117	7897	3021	3175	3247	3130	3139	3079	3173	5959	788	870	273	286	1237	1383	239	247	0
*	*	5p	+	12	7725484	5932900	6008824	7800955	27468163	7282	11617	8237	7816	2919	3211	2907	2884	3263	3237	2816	5771	859	801	280	299	1277	1389	272	285	0
*	*	5p	+	13	7564366	6060338	6018569	7824866	27468139	7521	12109	7723	8056	2864	2933	2896	2912	3183	3226	3030	5820	805	863	282	268	1276	1451	247	274	0
*	*	5p	+	14	7611397	6018212	6111294	7727000	27467903	8038	11599	7792	7909	2949	2933	3325	2965	3157	3083	3140	5768	885	893	289	320	1495	1428	266	286	0
*	*	5p	+	15	7663238	6037331	6149848	7617500	27467917	8524	12009	7972	8058	2929	3074	3413	3299	2991	2833	3307	5814	842	957	293	293	1414	1525	274	255	0
*	*	5p	+	16	7687255	5997356	6101184	7682134	27467929	8905	11252	8010	8098	3014	3285	2948	3057	2980	3127	3131	5519	780	918	302	312	1327	1608	271	256	0
*	*	5p	+	17	7746523	5943364	6016019	7762027	27467933	9246	10905	8174	8174	2979	3194	2939	2898	3236	3276	3068	5500	801	911	299	282	1367	1551	272	270	0
*	*	5p	+	18	7621664	5963793	5999889	7882554	27467900	9596	10805	7600	8539	2820	2889	3069	2966	3283	3295	3051	5538	807	892	284	300	1380	1611	262	240	0
*	*	5p	+	19	7598151	6094984	6030205	7744691	27468031	10088	10791	7735	8362	2885	2922	3213	3144	3054	3066	3056	5725	819	894	297	295	1310	1537	280	232	0
*	*	5p	+	20	7733910	6128695	5873098	7732077	27467780	10424	10950	7701	8435	3110	3121	3245	3450	3011	2857	3051	5278	763	894	307	302	1265	1492	249	241	0
*	*	5p	+	21	7734266	5981570	5843489	7726561	27285886	11140	10688	7838	8768	3090	3320	3020	3191	3077	3062	3186	5477	713	835	327	303	1181	1438	232	261	0
*	*	5p	+	22	7694205	5865863	5797197	7694284	27051549	11330	9652	7830	8712	3109	3256	2833	3168	3068	3222	2960	5411	809	843	290	316	1329	1378	249	257	0
*	*	5p	+	23	7604449	5788332	5718083	7650084	26760948	11160	9700	7333	8800	2930	2847	2998	3229	3091	3231	3012	5366	819	756	345	300	1419	1349	227	210	0
*	*	5p	+	24	7536835	5742764	5607705	7513940	26401244	11376	9706	7417	8783	2774	2784	3070	3415	2975	3141	3047	5213	735	823	374	272	1246	1259	229	237	0
*	*	5p	+	25	7402713	5690668	5526836	7342131	25962348	11983	9635	7467	8442	2823	2889	3157	3534	2826	2917	3296	5321	713	740	342	300	1131	1181	251	245	0
*	*	5p	+	26	7303303	5499890	5342524	7298252	25443969	11687	8952	7557	8676	2988	3168	2755	3313	2855	3050	2858	5151	705	761	309	278	1220	1220	233	226	0
*	*	5p	+	27	7181139	5351121	5178705	7125366	24836331	11821	8525	7229	8712	2838	3202	2850	3151	2791	3217	2738	5086	721	717	358	285	1164	1219	238	247	0
*	*	5p	+	28	6965044	5161987	5004059	7022084	24153174	11643	8308	6761	8701	2628	2720	2774	3335	2879	3246	2766	4908	692	729	326	290	982	1118	208	225	0
*	*	5p	+	29	6747790	5009862	4842610	6796294	23396556	11775	8544	6497	8437	2632	2725	2876	3293	2943	3055	2772	4855	626	632	333	306	1030	1022	223	210	0
*	*	5p	+	30	6642967	4827977	4667907	6436215	22575066	11735	8212	6747	8013	2587	2802	3094	3425	2654	2797	2773	4529	581	613	334	265	990	1036	203	209	0
*	*	5p	+	31	6414510	4593328	4476000	6224757	21708595	11640	7629	6363	8191	2676	2912	2644	3140	2427	2916	2582	4453	580	543	297	275	911	996	266	206	0
*	*	5p	+	32	6186333	4309658	4252430	6054821	20803242	11249	6983	6340	8018	2488	2921	2331	2954	2560	3229	2391	4201	504	574	296	295	855	940	223	208	0
*	*	5p	+	33	5862643	4116101	4033736	5845492	19857972	10859	6958	5821	7593	2325	2386	2463	2843	2552	3029	2366	4112	477	545	306	249	780	923	203	197	0
*	*	5p	+	34	5561931	3995099	3821495	5505268	18883793	10352	6905	5510	7250	2257	2321	2569	2968	2383	2902	2363	3863	498	528	290	236	822	835	204	163	0
*	*	5p	+	35	5282407	3788501	3654744	5173417	17899069	10201	6542	5349	6839	2168	2371	2510	3120	2067	2523	2296	3703	461	500	303	244	811	759	173	173	0
*	*	5p	+	36	5055152	3528758	3382239	4945663	16911812	9486	6123	5231	6741	2192	2419	2065	2777	2094	2558	2119	3353	455	464	261	211	726	699	174	174	0
*	*	5p	+	37	4772004	3285005	3168647	4697604	15923260	9031	5393	4959	6427	2187	2305	1871	2342	1977	2627	1926	3339	427	454	271	207	688	679	168	157	0
*	*	5p	+	38	4415470	3066523	2978836	4470940	14931769	8452	5105	4611	6204	1729	2099	1889	2443	1984	2479	1842	2997	406	425	239	197	615	657	181	162	0
*	*	5p	+	39	4135931	2902597	2788093	4129501	13956122	8134	5093	4186	5723	1746	1850	1997	2428	1810	2217	1774	2812	388	417	251	160	585	631	135	163	0
*	*	5p	+	40	3903539	2703987	2583890	3815458	13006874	7861	4811	4097	5168	1640	1795	1904	2339	1618	2093	1694	2774	362	334	222	156	527	531	149	140	0
*	*	5p	+	41	3672280	2466229	2381346	3572860	12092715	7363	4293	3865	5111	1591	1816	1603	2068	1500	2047	1535	2519	270	352	212	171	438	458	107	130	0
*	*	5p	+	42	3378316	2264581	2211574	3361857	11216328	6880	4074	3648	4788	1395	1686	1426	1875	1494	2075	1446	2428	258	299	166	154	408	434	95	130	0
*	*	5p	+	43	3085849	2110351	2059082	3124622	10379904	6452	3719	3151	4605	1216	1403	1424	1753	1515	1976	1465	2135	233	286	193	155	413	399	132	112	0
*	*	5p	+	44	2862114	1989944	1901761	2837907	9591726	6041	3676	2991	4249	1222	1367	1439	1717	1175	1643	1292	1937	213	274	151	144	407	349	98	103	0
*	*	5p	+	45	2661476	1847033	1747163	2589808	8845480	5637	3422	2909	3842	1273	1317	1327	1680	1098	1471	1303	1861	219	219	152	125	342	283	109	94	0
*	*	5p	+	46	2475943	1654088	1596410	2415824	8142265	5348	2963	2675	3578	1173	1315	1175	1589	1012	1518	1144	1705	210	215	150	111	339	293	98	101	0
*	*	5p	+	47	2263167	1500576	1485875	2232792	7482410	4911	2683	2463	3346	993	1208	1001	1312	1065	1530	964	1656	181	229	123	109	290	285	75	83	0
*	*	5p	+	48	2052919	1383818	1353523	2072860	6863120	4532	2459	2213	3089	810	1040	1028	1251	953	1364	877	1564	184	182	132	88	285	283	72	81	0
*	*	5p	+	49	1874014	1283944	1235955	1886849	6280762	4096	2323	2005	2832	817	940	954	1153	851	1345	954	1451	169	181	103	72	226	243	69	81	0
*	*	5p	+	50	1738602	1173830	1133375	1695068	5740875	4115	2177	1916	2495	840	1029	898	1178	785	1108	845	1250	147	176	113	80	248	226	65	78	0
*	*	5p	+	51	1585974	1064868	1028801	1563844	5243487	3533	1943	1811	2420	781	911	753	1076	708	1071	734	1125	114	162	84	80	251	198	49	75	0
*	*	5p	+	52	1461678	955197	933496	1437398	4787769	3237	1811	1696	2244	633	896	642	857	671	1024	680	1054	135	133	74	74	185	164	73	66	0
*	*	5p	+	53	1312978	879324	854534	1323075	4369911	2862	1586	1453	2081	604	759	695	888	721	1015	624	943	118	136	75	63	196	189	55	60	0
*	*	5p	+	54	1197246	817629	780669	1191546	3987090	2800	1653	1434	1943	538	643	637	913	606	892	584	930	110	130	86	73	180	161	53	57	0
*	*	5p	+	55	1100793	752668	717958	1065994	3637413	2647	1364	1249	1661	593	589	653	845	527	756	549	846	114	124	89	57	178	165	61	47	0
*	*	5p	+	56	1013024	671356	650565	983174	3318119	2336	1272	1247	1545	469	709	475	778	506	726	497	751	91	113	74	60	137	141	56	45	0
*	*	5p	+	57	921314	603104	588716	913392	3026526	2151	1193	1059	1355	429	597	467	602	433	706	462	734	72	98	63	55	137	130	43	51	0
*	*	5p	+	58	827347	555036	534805	842298	2759486	1830	1123	967	1315	432	457	412	594	510	725	432	665	69	73	50	43	128	114	40	52	0
*	*	5p	+	59	756066	511518	489781	757793	2515158	1757	1023	866	1200	376	383	437	507	455	563	443	597	65	73	51	37	118	124	33	41	0
*	*	5p	+	60	696035	466513	449112	680241	2291901	1707	936	915	1094	364	432	362	470	357	526	372	493	43	78	53	39	121	91	42	38	0
*	*	5p	+	61	636803	418861	408413	627290	2091367	1557	850	810	902	316	450	336	448	334	527	361	451	48	55	41	36	102	83	31	25	0
*	*	5p	+	62	587282	378125	370876	575575	1911858	1357	682	729	912	244	409	313	447	298	422	284	390	64	60	36	20	91	83	26	30	0
*	*	5p	+	63	528372	347476	341314	530716	1747878	1181	654	579	798	233	326	237	410	279	427	262	369	48	53	34	29	98	77	30	36	0
*	*	5p	+	64	482703	323254	313025	481866	1600848	1088	659	619	759	265	356	233	379	239	417	284	364	32	53	51	30	67	86	24	34	0
*	*	5p	+	65	446950	298588	288086	435496	1469120	1032	582	516	635	242	256	257	334	231	318	269	338	38	56	26	28	82	55	20	29	0
*	*	5p	+	66	412397	270231	263862	404682	1351172	956	527	499	630	195	294	232	313	254	358	173	302	41	40	31	18	79	63	30	21	0
*	*	5p	+	67	378879	247665	241018	377142	1244704	869	474	530	598	195	211	226	286	192	344	199	285	39	36	23	23	85	67	30	34	0
*	*	5p	+	68	344538	228282	222813	351967	1147600	831	440	410	573	165	208	199	275	141	299	217	261	27	43	35	14	86	49	30	22	0
*	*	5p	+	69	317278	216164	206460	319454	1059356	649	458	352	484	159	144	174	239	151	277	189	273	21	38	21	20	61	66	25	28	0
*	*	5p	+	70	299777	197415	190708	290997	978897	682	454	375	436	155	195	194	250	173	250	184	260	18	36	23	24	60	48	14	22	0
*	*	5p	-	1	8008411	5489373	5934166	8055047	27486997	7718	24376	9104	8202	3908	4433	3523	3982	3603	4057	3322	6879	92	67	82	77	201	187	143	148	27487710
*	*	5p	-	2	7988666	5512208	6009168	7976901	27486943	7669	19132	8934	7948	3447	4015	3293	3598	3668	4053	2971	5916	101	89	90	112	226	194	154	168	27487710
*	*	5p	-	3	7453018	5889804	5491392	8652668	27486882	7084	20563	7707	8370	3328	3883	3094	3207	3201	3630	3537	6466	135	128	112	125	229	218	192	169	27487710
*	*	5p	-	4	7356688	5821757	5808517	8499932	27486894	6755	19433	8228	7903	3493	3446	3460	3468	3085	3132	3481	6529	167	168	169	169	238	232	161	171	27487710
*	*	5p	-	5	7651485	5903579	6016265	7915498	27486827	7022	16960	8295	7467	3389	3478	3823	3701	2953	3056	3428	6094	179	198	169	154	231	290	170	178	27487710
*	*	5p	-	6	7798727	5763276	6128236	7796531	27486770	7081	15040	8489	7752	3379	3716	3242	3289	3269	3189	3255	5826	225	245	174	168	290	277	160	187	0
*	*	5p	-	7	7825786	5888655	6035809	7736486	27486736	6881	13881	8430	8121	3357	3561	3199	3159	3340	3340	3076	6023	245	273	181	172	313	333	152	159	0
*	*	5p	-	8	7801940	5847418	5996081	7841180	27486619	6963	13703	7889	7884	3135	3091	3131	3196	3186	3346	3161	6072	273	327	210	191	345	362	175	191	0
*	*	5p	-	9	7671785	5967147	6047245	7800260	27486437	7300	13518	7778	7783	3121	2972	3374	3347	3100	3268	3298	6222	298	342	217	174	421	451	178	212	0
*	*	5p	-	10	7780530	6013439	5991071	7701177	27486217	7289	13384	8230	7743	3251	3179	3515	3487	2891	2961	3334	6308	346	390	229	213	562	526	194	197	0
*	*	5p	-	11	7787369	5947806	6029728	7721046	27485949	7507	12651	8411	7945	3169	3328	3335	3235	3312	3221	3157	5990	389	398	234	238	631	652	248	192	0
*	*	5p	-	12	7776204	5927420	6030559	7751622	27485805	7499	12304	8409	8138	3105	3482	3022	2994	3230	3459	3068	6050	473	460	212	246	737	729	213	211	0
*	*	5p	-	13	7622471	6035502	6048572	7779136	27485681	7696	12132	7916	8276	3069	3118	3197	3230	3197	3206	3137	5886	510	523	235	262	768	839	186	217	0
*	*	5p	-	14	7666997	5987817	6140564	7690148	27485526	8005	11807	7760	7955	2995	3035	3506	3238	3242	3201	3132	6004	547	505	223	247	880	874	179	222	0
*	*	5p	-	15	7710289	6006477	6185560	7583027	27485353	8767	11941	7920	8106	3132	3248	3541	3456	3064	2941	3289	6007	582	554	279	239	1023	885	212	213	0
*	*	5p	-	16	7734717	5971595	6133922	7644978	27485212	9114	11374	8001	8235	3127	3302	3035	3182	2999	3199	3034	5535	641	584	233	255	1041	966	230	251	0
*	*	5p	-	17	7798854	5929029	6041039	7716092	27485014	9213	11025	8044	8470	3134	3358	2912	2953	3103	3271	3043	5752	617	607	251	253	1121	1076	250	235	0
*	*	5p	-	18	7671851	5950902	6029403	7832898	27485054	9660	10832	7739	8579	2891	3000	3092	3115	3352	3270	3103	5580	704	641	250	261	1157	1060	204	226	0
*	*	5p	-	19	7648720	6061015	6062433	7712720	27484888	10056	11064	7468	8412	2996	2982	3344	3199	3081	3038	3161	5782	636	645	264	288	1196	1128	231	248	0
*	*	5p	-	20	7783422	6102428	5908112	7690449	27484411	10765	11095	7759	8355	3102	3155	3347	3485	2902	2771	3200	5523	642	695	274	260	1256	1129	249	243	0
*	*	5p	-	21	7787740	5953068	5870224	7691896	27302928	11228	10706	7839	8616	3191	3476	3108	3324	3156	3002	3114	5384	727	666	271	262	1242	1186	218	260	0
*	*	5p	-	22	7745429	5849418	5824247	7650269	27069363	11276	9824	7847	8707	3178	3386	2869	3280	3022	3266	2994	5464	722	721	306	293	1237	1252	226	269	0
*	*	5p	-	23	7656735	5771762	5748345	7601442	26778284	11315	9781	7340	8955	2935	2984	2957	3401	3054	3269	3116	5385	777	765	328	291	1302	1218	231	235	0
*	*	5p	-	24	7591925	5718184	5634308	7473348	26417765	11452	9791	7506	8665	2959	2931	3214	3388	3102	3169	2955	5364	787	772	327	284	1346	1263	205	279	0
*	*	5p	-	25	7450655	5664614	5555870	7306662	25977801	11864	9519	7466	8450	2889	3084	3131	3721	2773	2963	3084	5301	825	764	365	298	1402	1313	260	220	0
*	*	5p	-	26	7350159	5475725	5372489	7260979	25459352	12182	9111	7330	8718	2907	3413	2841	3403	2852	3080	2978	5023	792	822	326	308	1378	1322	257	236	0
*	*	5p	-	27	7226376	5335528	5202742	7087435	24852081	11789	8787	7351	8742	2858	3215	2795	3196	2693	3237	2726	4953	838	885	347	293	1345	1341	271	244	0
*	*	5p	-	28	7012306	5149256	5034506	6972491	24168559	11712	8525	6729	9075	2650	2787	2954	3324	2959	3266	2889	4810	836	834	379	312	1392	1355	256	211	0
*	*	5p	-	29	6796747	4987746	4870764	6755873	23411130	11887	8418	6531	8301	2600	2771	2898	3439	2721	3074	2753	4693	796	871	320	328	1381	1391	261	238	0
*	*	5p	-	30	6686522	4802428	4695281	6405788	22590019	12037	8231	6834	8111	2827	2805	3023	3436	2704	2848	2732	4568	859	826	349	329	1380	1379	265	253	0
*	*	5p	-	31	6455479	4572216	4501136	6194380	21723211	11317	7773	6264	7915	2712	3010	2521	3212	2506	3048	2534	4350	784	840	343	324	1293	1355	259	257	0
*	*	5p	-	32	6230107	4297336	4278641	6010706	20816790	11278	7029	6660	7857	2464	3093	2376	3044	2557	3058	2374	4116	879	872	317	306	1409	1412	240	233	0
*	*	5p	-	33	5906990	4099118	4059861	5805597	19871566	10866	6865	5948	7754	2352	2696	2399	2916	2394	3068	2480	4227	805	867	313	296	1364	1386	221	240	0
*	*	5p	-	34	5604476	3969004	3849969	5473643	18897092	10353	6865	5662	7234	2320	2528	2587	2953	2250	2866	2241	3821	768	838	324	256	1281	1432	215	208	0
*	*	5p	-	35	5324906	3760891	3680905	5145469	17912171	10257	6585	5367	6832	2220	2465	2384	3106	2018	2626	2191	3728	767	788	342	248	1260	1304	210	231	0
*	*	5p	-	36	5096393	3509128	3401445	4917346	16924312	9616	5906	5197	6661	2162	2443	2073	2782	1928	2651	2076	3433	809	769	302	251	1231	1327	207	236	0
*	*	5p	-	37	4806105	3277259	3194198	4657956	15935518	9045	5454	4901	6517	2039	2355	1964	2525	1865	2523	1918	3305	747	723	352	223	1227	1234	211	213	0
*	*	5p	-	38	4455290	3049211	3003329	4435081	14942911	8722	5088	4658	6218	1809	2136	1886	2406	1879	2566	1842	3087	739	720	305	256	1143	1134	210	214	0
*	*	5p	-	39	4171326	2877076	2818941	4098208	13965551	8188	5185	4415	5599	1923	1989	1988	2345	1809	2270	1745	2889	672	723	290	232	1084	1110	181	170	0
*	*	5p	-	40	3937561	2678791	2608271	3789752	13014375	7759	4735	4105	5197	1823	1945	1793	2470	1551	2129	1728	2665	620	669	288	225	1047	1089	184	200	0
*	*	5p	-	41	3701830	2451207	2401333	3545308	12099678	7300	4310	3876	4956	1630	1941	1488	2147	1416	2040	1461	2509	643	669	244	180	1005	1046	190	137	0
*	*	5p	-	42	3410298	2256105	2231491	3322758	11220652	6895	3821	3623	4673	1507	1806	1407	1800	1402	2085	1341	2271	554	568	226	172	951	998	142	159	0
*	*	5p	-	43	3116421	2094242	2080072	3091510	10382245	6537	3601	3318	4537	1279	1533	1306	1797	1301	1978	1372	2184	584	564	215	198	919	925	148	143	0
*	*	5p	-	44	2892689	1970611	1919167	2810370	9592837	5904	3558	2983	3968	1206	1517	1375	1760	1209	1715	1222	2017	461	512	188	152	850	832	146	123	0
*	*	5p	-	45	2689047	1822721	1765429	2568612	8845809	5607	3136	2970	3825	1192	1508	1243	1793	1051	1544	1237	1936	442	447	220	160	771	799	129	132	0
*	*	5p	-	46	2496995	1639017	1608024	2398125	8142161	5172	2931	2747	3511	1128	1428	1004	1531	1066	1545	1093	1722	422	440	192	160	741	725	133	131	0
*	*	5p	-	47	2286435	1491417	1499085	2204782	7481719	4947	2574	2487	3212	1029	1284	988	1397	1054	1444	960	1588	372	417	176	142	716	671	104	96	0
*	*	5p	-	48	2080851	1370020	1368481	2042183	6861535	4535	2402	2339	3068	900	1156	979	1241	974	1346	930	1517	335	370	146	136	654	614	102	93	0
*	*	5p	-	49	1899641	1263958	1251656	1865408	6280663	4068	2285	2015	2714	878	1016	1024	1199	830	1337	913	1316	345	335	149	126	590	578	79	85	0
*	*	5p	-	50	1759087	1158777	1145215	1676653	5739732	3759	2238	2076	2496	857	1176	903	1166	737	1132	827	1240	319	317	146	115	519	481	85	84	0
*	*	5p	-	51	1602690	1055685	1035818	1547327	5241520	3524	1936	1799	2456	728	980	750	1106	723	1143	728	1163	287	303	137	127	492	477	87	75	0
*	*	5p	-	52	1478236	949127	939898	1417904	4785165	3212	1709	1658	2119	645	952	664	868	717	988	675	1066	241	310	124	104	439	416	65	89	0
*	*	5p	-	53	1332352	869788	863081	1301865	4367086	2929	1616	1459	2087	574	799	595	852	669	962	606	958	220	286	95	100	393	386	69	86	0
*	*	5p	-	54	1214994	803843	789066	1176559	3984462	2698	1500	1429	1781	566	715	639	818	564	899	589	895	235	217	82	95	380	349	64	65	0
*	*	5p	-	55	1114529	739117	726511	1054016	3634173	2690	1450	1403	1650	567	717	611	772	537	675	564	824	190	212	114	85	376	334	60	64	0
*	*	5p	-	56	1024110	662404	656847	972100	3315461	2315	1268	1231	1449	509	694	539	689	510	806	468	700	185	231	97	79	342	316	48	72	0
*	*	5p	-	57	931172	598859	595337	898067	3023435	2084	1138	1086	1407	457	564	498	618	465	714	417	737	145	207	87	67	279	314	57	67	0
*	*	5p	-	58	839427	548188	542058	826443	2756116	1908	1076	978	1287	422	554	416	595	462	651	420	617	182	179	87	66	255	275	40	47	0
*	*	5p	-	59	765472	503152	496106	746691	2511421	1745	994	918	1148	409	482	395	558	343	583	402	567	125	147	75	38	245	237	48	50	0
*	*	5p	-	60	706038	457460	454788	669684	2287970	1753	904	923	1045	359	449	387	530	352	486	396	574	114	151	54	52	227	230	44	51	0
*	*	5p	-	61	643524	411762	414706	617614	2087606	1459	811	793	1043	389	463	322	506	298	507	284	482	113	133	46	32	184	219	36	51	0
*	*	5p	-	62	594410	373463	376252	563955	1908080	1322	754	713	884	237	437	275	403	300	438	282	404	93	121	59	33	187	170	49	39	0
*	*	5p	-	63	535400	341941	345883	521138	1744362	1259	620	670	816	289	357	298	395	259	432	263	412	92	114	55	33	160	157	34	31	0
*	*	5p	-	64	489557	316301	317795	474492	1598145	1114	643	558	783	261	323	276	360	235	463	281	334	100	95	38	42	174	140	26	42	0
*	*	5p	-	65	451499	293495	293133	429011	1467138	969	584	579	721	241	285	248	344	207	329	272	307	96	90	34	36	144	133	25	28	0
*	*	5p	-	66	417530	265821	266793	398962	1349106	943	529	510	681	193	294	223	339	200	353	193	367	85	76	35	29	146	107	23	23	0
*	*	5p	-	67	384738	244852	243803	369030	1242423	823	483	458	588	205	256	197	235	250	352	205	282	71	58	25	32	120	115	21	18	0
*	*	5p	-	68	349479	225115	226769	343904	1145267	736	417	403	567	149	229	182	262	164	331	187	256	64	61	38	38	122	120	19	18	0
*	*	5p	-	69	322458	210367	209318	314545	1056688	772	388	365	514	176	179	179	219	174	295	177	221	53	60	24	14	120	105	23	21	0
*	*	5p	-	70	302996	192698	193761	286792	976247	653	414	354	432	145	200	171	268	141	243	150	225	48	61	31	20	95	100	21	21	0
