Sample	Library	End	Std	Pos	A	C	G	T	Total	G>A	C>T	A>G	T>C	A>C	A>T	C>G	C>A	T>G	T>A	G>C	G>T	A>-	T>-	C>-	G>-	->A	->T	->C	->G	S
*	*	3p	+	1	2119688	1458341	1476961	2171947	7226937	184038	3010	2464	4578	1119	1424	1046	2382	1179	2007	1109	1674	8	9	10	14	144	133	83	85	7227471
*	*	3p	+	2	2142560	1452121	1523066	2109098	7226845	173928	3048	2257	4367	1086	1318	963	2056	1044	1717	1004	1592	45	61	33	81	194	152	103	100	7227471
*	*	3p	+	3	2292606	1345070	1608353	1980709	7226738	166260	2959	2428	3583	888	1082	960	2015	1073	1837	957	1569	80	99	62	88	263	147	114	126	7227471
*	*	3p	+	4	2312341	1410696	1574851	1928914	7226802	142293	2977	2308	3623	1005	942	1014	1927	1032	1586	1044	1358	80	95	79	113	260	146	79	103	7227471
*	*	3p	+	5	2142489	1476159	1611678	1996589	7226915	126133	3033	2153	3549	891	943	997	1724	961	1428	1006	1438	79	120	111	126	225	154	81	89	7227471
*	*	3p	+	6	2138096	1451992	1610755	2026165	7227008	112700	2977	2302	3295	884	902	967	1650	966	1286	936	1460	87	91	106	125	211	115	57	76	0
*	*	3p	+	7	2111613	1480819	1600992	2033552	7226976	99946	3008	2273	3225	916	925	844	1467	870	1211	859	1309	98	106	101	121	184	126	57	64	0
*	*	3p	+	8	2090306	1476883	1606089	2053721	7226999	92075	2956	2243	3151	837	930	951	1404	930	1181	1076	1388	104	109	90	133	158	116	48	69	0
*	*	3p	+	9	2074382	1489145	1625947	2037590	7227064	85903	3001	2271	2935	847	915	938	1423	919	1132	970	1379	111	124	98	148	178	113	56	56	0
*	*	3p	+	10	2059627	1479603	1629050	2058758	7227038	79674	3039	2173	2937	812	939	916	1344	939	1165	868	1432	116	129	91	119	193	131	50	55	0
*	*	3p	+	11	2077063	1479045	1613196	2057626	7226930	75395	2987	2320	2896	816	880	950	1338	932	1178	891	1387	127	141	101	128	202	154	56	64	0
*	*	3p	+	12	2080236	1492071	1612838	2041777	7226922	72280	2832	2236	2939	816	950	926	1308	849	1062	885	1355	174	169	80	137	236	184	63	56	0
*	*	3p	+	13	2058141	1514754	1619412	2034530	7226837	68913	3002	2449	2693	836	844	863	1231	875	1018	932	1467	163	163	98	113	256	190	57	70	0
*	*	3p	+	14	2053926	1517249	1620338	2035366	7226879	65983	3033	2263	2930	810	823	927	1171	936	1013	929	1375	186	184	82	130	268	185	60	73	0
*	*	3p	+	15	2032076	1528066	1620962	2045746	7226850	64096	3341	2198	2733	851	788	894	1297	941	1064	857	1488	165	211	104	123	274	222	59	60	0
*	*	3p	+	16	2056718	1505854	1626322	2037962	7226856	62149	3167	2307	2802	795	906	968	1153	870	1049	874	1457	203	208	99	119	247	237	66	61	0
*	*	3p	+	17	2087416	1490023	1600740	2048658	7226837	58961	3196	2359	2640	813	824	821	1136	884	1010	791	1489	193	214	106	123	269	238	51	70	0
*	*	3p	+	18	2080320	1488112	1618189	2040169	7226790	57259	3354	2297	2598	804	809	885	1195	901	1040	875	1487	178	228	87	125	286	290	49	53	0
*	*	3p	+	19	2065374	1512324	1604598	2044513	7226809	54588	3390	2205	2566	809	826	884	1185	862	855	870	1545	200	268	83	133	266	247	64	80	0
*	*	3p	+	20	2064113	1498378	1598471	2065853	7226815	52365	3535	2166	2641	806	871	897	1133	919	1040	876	1506	212	247	96	131	268	283	47	52	0
*	*	3p	+	21	2087607	1483504	1598278	2043795	7213184	49662	3403	2233	2633	790	885	856	1071	835	933	816	1425	230	253	97	113	297	294	67	72	0
*	*	3p	+	22	2088681	1490450	1571623	2043253	7194007	46785	3569	2167	2597	828	830	845	1079	895	978	811	1480	228	250	92	130	301	323	68	72	0
*	*	3p	+	23	2071328	1478797	1587658	2031402	7169185	44757	3606	2268	2344	846	827	834	1053	901	946	917	1478	237	288	93	107	290	354	60	60	0
*	*	3p	+	24	2050352	1482358	1574932	2029780	7137422	42221	3687	2266	2449	786	847	848	1039	900	870	871	1603	236	325	82	122	332	305	63	75	0
*	*	3p	+	25	2016425	1468839	1561212	2050321	7096797	39685	3695	2129	2488	808	772	862	1009	900	1119	889	1460	252	293	90	119	327	309	52	70	0
*	*	3p	+	26	2030726	1449790	1545238	2020297	7046051	37220	3792	2233	2508	849	822	849	976	856	930	891	1478	262	285	83	111	341	318	67	61	0
*	*	3p	+	27	2044203	1413792	1530444	1994359	6982798	34275	3714	2202	2370	810	874	798	956	867	948	768	1438	263	298	94	116	308	373	54	62	0
*	*	3p	+	28	2013460	1400091	1515794	1977584	6906929	32119	3740	2187	2372	773	767	801	991	822	911	803	1419	242	294	87	119	345	343	66	62	0
*	*	3p	+	29	1997851	1389930	1482951	1945257	6815989	30188	3749	2261	2164	790	787	848	967	831	787	843	1422	240	275	87	116	308	332	60	65	0
*	*	3p	+	30	1938789	1359741	1447118	1966831	6712479	27899	3764	2081	2279	807	776	803	921	835	894	826	1439	258	272	80	79	328	341	52	68	0
*	*	3p	+	31	1912770	1334705	1419714	1928791	6595980	25607	3776	2200	2200	760	812	773	906	794	849	809	1490	234	269	75	100	311	371	61	72	0
*	*	3p	+	32	1890396	1294208	1381319	1901039	6466962	23812	3658	2154	2174	768	870	750	853	777	840	820	1448	255	270	70	91	311	364	63	66	0
*	*	3p	+	33	1851827	1273261	1345281	1854778	6325147	21734	3754	1989	2049	699	823	752	903	818	783	816	1433	265	296	78	102	352	342	49	58	0
*	*	3p	+	34	1793820	1243874	1325581	1808226	6171501	20581	3744	1966	1944	705	781	688	818	728	744	814	1452	264	251	79	112	337	329	43	50	0
*	*	3p	+	35	1740836	1206896	1272044	1785476	6005252	18636	3556	1814	2047	659	702	713	827	832	795	734	1398	250	253	69	95	322	290	65	60	0
*	*	3p	+	36	1718793	1157056	1238777	1712364	5826990	17560	3479	1877	1844	630	775	643	768	690	719	702	1330	233	253	72	109	291	272	53	61	0
*	*	3p	+	37	1672853	1100903	1196166	1667118	5637040	16020	3439	1774	1935	615	674	619	751	710	742	644	1268	231	235	83	77	340	256	41	51	0
*	*	3p	+	38	1617493	1061494	1156560	1600564	5436111	14610	3344	1746	1695	625	637	652	728	644	665	684	1221	258	219	81	76	287	292	39	58	0
*	*	3p	+	39	1548561	1030066	1100671	1544696	5223994	13419	3418	1630	1614	571	690	645	680	603	673	634	1301	212	206	64	79	283	253	49	57	0
*	*	3p	+	40	1485690	972083	1044853	1501988	5004614	12310	3234	1551	1662	560	611	599	601	640	702	630	1126	214	205	67	86	267	224	48	63	0
*	*	3p	+	41	1432325	926608	990712	1432448	4782093	11230	3109	1646	1442	522	611	600	620	592	634	524	1150	200	203	63	71	257	271	50	52	0
*	*	3p	+	42	1366765	884926	940390	1367833	4559914	10150	2947	1469	1349	519	533	481	536	545	621	541	991	209	199	60	69	244	260	40	40	0
*	*	3p	+	43	1285710	852655	891577	1308819	4338761	9429	2887	1352	1395	497	549	507	573	551	597	521	977	197	181	51	70	257	210	44	46	0
*	*	3p	+	44	1216400	805603	859583	1238660	4120246	8895	2778	1291	1263	479	547	492	536	442	486	479	1027	189	190	58	81	232	227	37	33	0
*	*	3p	+	45	1151492	765823	811935	1175827	3905077	8045	2623	1243	1183	461	443	488	499	452	574	463	881	165	184	49	66	208	214	31	52	0
*	*	3p	+	46	1100390	710063	771028	1111711	3693192	7292	2489	1210	1119	396	468	404	451	448	483	396	843	169	177	51	63	207	200	24	41	0
*	*	3p	+	47	1050180	664743	718011	1050399	3483333	6715	2405	1101	1028	421	473	383	426	399	504	385	758	160	183	50	51	192	178	33	40	0
*	*	3p	+	48	982082	629170	681833	984196	3277281	6124	2283	992	999	378	399	371	422	379	414	400	713	163	142	40	54	166	177	33	31	0
*	*	3p	+	49	918666	592625	636765	925248	3073304	5548	2141	1030	949	366	368	373	382	340	380	393	729	127	141	29	54	168	147	32	39	0
*	*	3p	+	50	856871	550116	590997	878452	2876436	4979	2068	961	892	319	367	339	352	365	439	357	650	127	124	28	47	147	157	20	23	0
*	*	3p	+	51	803748	518787	549450	815817	2687802	4393	1853	886	777	286	356	330	350	344	366	290	605	102	111	36	43	143	131	9	30	0
*	*	3p	+	52	759019	473762	514552	761779	2509112	4159	1802	853	758	336	316	275	314	305	321	302	550	94	111	28	46	125	142	20	25	0
*	*	3p	+	53	701558	447620	483159	707497	2339834	3862	1678	745	704	238	271	256	334	304	318	304	581	84	122	22	34	110	106	13	14	0
*	*	3p	+	54	653401	416536	449272	659732	2178941	3530	1642	765	713	260	261	229	284	270	244	298	513	95	106	16	37	99	102	16	23	0
*	*	3p	+	55	600282	389962	415752	619470	2025466	3217	1461	662	624	227	250	247	263	246	286	229	483	75	75	23	29	96	76	8	17	0
*	*	3p	+	56	565242	355740	387231	572481	1880694	2991	1443	640	567	222	228	207	217	229	237	251	446	63	65	18	24	94	89	13	16	0
*	*	3p	+	57	525526	332378	355429	530939	1744272	2742	1243	524	514	178	209	189	240	221	241	174	382	55	70	18	25	84	91	14	15	0
*	*	3p	+	58	486086	306280	333909	488434	1614709	2501	1136	571	505	193	202	182	202	199	229	233	354	65	46	21	21	70	67	12	15	0
*	*	3p	+	59	449999	282293	308312	451734	1492338	2303	1073	485	420	205	189	187	189	188	185	177	337	63	56	13	18	63	60	8	16	0
*	*	3p	+	60	412983	260504	279937	423357	1376781	2048	1041	437	436	154	179	138	197	176	168	132	347	34	55	12	21	68	69	10	8	0
*	*	3p	+	61	383787	241915	255806	387489	1268997	1963	917	392	338	130	156	177	196	128	163	146	276	51	51	25	16	55	58	3	8	0
*	*	3p	+	62	354764	222010	234067	359141	1169982	1745	872	405	358	137	160	114	143	137	151	134	285	39	42	9	14	51	52	8	10	0
*	*	3p	+	63	324909	205738	217852	330176	1078675	1592	767	355	310	126	133	123	152	135	119	129	231	39	39	9	16	43	57	8	5	0
*	*	3p	+	64	298015	190945	200953	304772	994685	1414	763	327	261	113	134	121	132	128	155	102	242	33	39	14	3	41	34	6	2	0
*	*	3p	+	65	274429	174000	185353	283760	917542	1323	725	287	316	109	90	83	124	111	152	117	220	28	38	9	9	38	40	9	6	0
*	*	3p	+	66	255347	160178	171080	259629	846234	1195	645	277	233	89	121	104	111	128	104	95	201	27	29	1	8	33	34	5	4	0
*	*	3p	+	67	237466	147377	157286	238853	780982	1133	518	300	289	71	97	98	87	105	103	85	169	20	34	7	11	30	45	6	9	0
*	*	3p	+	68	218665	135688	145917	220177	720447	1043	567	233	181	73	83	84	89	79	104	85	167	28	24	11	13	28	26	3	3	0
*	*	3p	+	69	201301	126119	135084	202383	664887	964	509	200	179	67	101	72	77	73	80	71	157	17	20	5	7	24	26	4	3	0
*	*	3p	+	70	184263	116929	121426	190580	613198	881	412	200	180	68	71	71	76	59	85	65	145	18	22	6	7	23	14	1	7	0
*	*	3p	-	1	2138804	1455780	1485615	2164287	7244486	185209	2967	2467	4493	1113	1468	1125	2448	1135	1947	1079	1708	151	116	49	78	498	351	140	126	7245687
*	*	3p	-	2	2162851	1451605	1531730	2098227	7244413	175317	3029	2295	4222	1073	1412	937	2025	1009	1681	1000	1614	223	200	66	126	535	385	136	133	7245687
*	*	3p	-	3	2309604	1340733	1619065	1975071	7244473	166711	2898	2358	3660	902	1164	972	2112	1038	1767	968	1521	230	213	86	161	525	345	103	149	7245687
*	*	3p	-	4	2328938	1405584	1589277	1920855	7244654	144645	2951	2335	3611	1031	963	1001	1979	989	1587	1111	1461	258	256	116	193	437	318	101	115	7245687
*	*	3p	-	5	2160092	1471039	1622660	1990852	7244643	127280	2915	2239	3578	889	931	941	1733	952	1461	895	1429	257	346	140	189	450	404	86	101	7245687
*	*	3p	-	6	2156463	1447280	1620796	2020254	7244793	114234	2853	2385	3273	839	971	985	1622	908	1258	935	1420	244	371	109	169	377	344	74	97	0
*	*	3p	-	7	2132904	1480358	1607873	2023610	7244745	100957	2971	2204	3264	839	879	843	1501	898	1138	854	1321	248	346	105	154	367	375	64	81	0
*	*	3p	-	8	2109258	1474162	1615728	2045622	7244770	92700	2896	2397	3094	869	918	881	1418	954	1184	922	1382	282	331	127	148	338	372	67	87	0
*	*	3p	-	9	2091248	1482158	1640234	2031280	7244920	87173	2934	2234	2933	782	910	916	1383	878	1147	985	1364	269	288	115	190	316	305	53	90	0
*	*	3p	-	10	2077513	1475291	1638120	2053955	7244879	80937	2982	2258	2940	768	844	914	1271	898	1186	887	1422	261	342	92	154	325	349	63	62	0
*	*	3p	-	11	2089385	1477597	1624886	2052976	7244844	76088	3061	2266	2884	784	889	884	1337	914	1145	849	1449	263	311	81	144	326	316	68	69	0
*	*	3p	-	12	2098816	1490987	1621930	2033155	7244888	72262	2961	2329	2846	866	894	849	1256	951	1098	827	1365	262	335	99	160	347	319	65	68	0
*	*	3p	-	13	2076103	1511800	1631091	2025844	7244838	70051	3089	2369	2646	904	904	886	1224	881	1013	933	1462	282	272	105	133	300	359	65	70	0
*	*	3p	-	14	2070088	1514299	1632455	2028074	7244916	67008	3063	2336	2762	848	855	881	1249	868	1052	896	1413	273	325	100	157	349	288	70	60	0
*	*	3p	-	15	2048665	1524202	1631270	2040660	7244797	64354	3113	2261	2837	837	851	958	1200	881	1152	919	1377	272	301	107	161	418	336	59	74	0
*	*	3p	-	16	2071850	1501327	1636297	2035383	7244857	62699	3134	2255	2684	846	874	868	1174	849	1094	827	1397	270	312	93	141	335	356	65	73	0
*	*	3p	-	17	2105001	1490061	1609358	2040411	7244831	60101	3253	2279	2728	842	888	847	1172	903	1082	846	1393	312	322	88	128	385	329	68	69	0
*	*	3p	-	18	2098855	1487105	1625565	2033334	7244859	57925	3307	2303	2608	824	866	924	1154	820	1055	898	1583	302	286	93	123	353	347	51	75	0
*	*	3p	-	19	2080777	1510320	1617118	2036661	7244876	55294	3368	2239	2622	838	848	859	1244	896	916	889	1576	283	287	101	116	337	337	63	68	0
*	*	3p	-	20	2078880	1496874	1609832	2059304	7244890	52696	3595	2206	2740	762	865	860	1223	889	1080	933	1565	262	291	96	115	347	304	66	76	0
*	*	3p	-	21	2101105	1482622	1604948	2042692	7231367	50095	3454	2279	2682	840	846	897	1143	899	1002	856	1450	255	247	92	130	376	305	68	55	0
*	*	3p	-	22	2104864	1492422	1579408	2035780	7212474	47085	3595	2314	2698	861	905	901	1103	912	935	843	1492	243	252	78	123	382	234	57	78	0
*	*	3p	-	23	2089764	1475947	1598050	2024115	7187876	44970	3597	2198	2475	803	868	879	1025	902	911	983	1552	256	234	88	104	350	268	58	50	0
*	*	3p	-	24	2064140	1478489	1589747	2023684	7156060	42962	3610	2281	2429	871	867	878	1038	917	962	860	1609	249	251	78	106	320	266	69	79	0
*	*	3p	-	25	2032950	1464647	1572543	2045336	7115476	39652	3716	2251	2552	751	817	923	1099	843	1036	874	1538	243	268	98	123	286	265	61	71	0
*	*	3p	-	26	2048174	1449672	1552887	2013653	7064386	37065	3773	2213	2455	965	857	932	1043	911	969	911	1576	247	250	91	130	296	235	49	66	0
*	*	3p	-	27	2061208	1413421	1539087	1988082	7001798	34603	3717	2303	2452	799	922	818	1002	866	972	849	1429	254	193	105	105	290	243	55	48	0
*	*	3p	-	28	2029371	1396218	1527583	1972602	6925774	32303	3787	2204	2225	821	870	876	987	872	963	902	1546	223	193	88	119	286	240	55	71	0
*	*	3p	-	29	2011277	1385686	1496290	1941403	6834656	29943	3875	2177	2259	817	905	888	909	771	929	829	1507	234	199	83	88	265	236	54	52	0
*	*	3p	-	30	1954864	1356728	1455912	1963860	6731364	27727	3972	2106	2434	773	818	858	958	853	956	792	1436	212	220	82	79	250	248	45	62	0
*	*	3p	-	31	1931049	1331977	1428733	1923195	6614954	25865	3899	2237	2220	750	801	824	932	848	848	801	1484	175	190	84	122	254	234	56	47	0
*	*	3p	-	32	1908442	1293187	1389473	1895049	6486151	23984	3783	2184	2229	774	840	734	880	832	906	812	1467	190	198	61	103	271	247	40	61	0
*	*	3p	-	33	1869104	1272219	1354053	1849105	6344481	22187	3686	2061	2055	762	837	851	859	755	810	832	1449	181	192	61	121	230	203	52	66	0
*	*	3p	-	34	1809453	1241408	1338249	1802365	6191475	20984	3774	2044	1959	712	798	750	800	792	769	781	1465	205	158	61	88	202	193	52	49	0
*	*	3p	-	35	1756998	1204084	1283267	1780651	6025000	19248	3700	1881	2011	695	724	776	820	814	822	741	1340	187	198	83	83	214	228	42	43	0
*	*	3p	-	36	1737232	1155106	1246785	1707804	5846927	17904	3664	2024	1852	659	696	666	768	691	775	697	1369	176	182	69	85	184	197	38	56	0
*	*	3p	-	37	1691728	1098157	1202758	1663959	5656602	16307	3556	1898	1903	631	697	618	737	709	758	638	1310	164	179	49	69	205	176	33	56	0
*	*	3p	-	38	1633751	1061635	1166874	1593704	5455964	15182	3428	1812	1694	709	761	608	725	633	735	694	1236	164	139	47	71	202	157	40	54	0
*	*	3p	-	39	1564821	1024589	1113931	1539840	5243181	13780	3413	1696	1608	614	696	658	629	646	680	692	1248	119	138	53	56	173	154	40	44	0
*	*	3p	-	40	1500080	968803	1053877	1500262	5023022	12384	3374	1594	1676	613	674	609	670	623	726	667	1208	125	124	43	56	169	171	40	43	0
*	*	3p	-	41	1446858	924928	1001624	1426353	4799763	11460	3188	1593	1443	572	626	587	605	621	624	566	1113	119	125	53	37	127	157	30	46	0
*	*	3p	-	42	1383609	881605	948815	1363800	4577829	10684	2950	1535	1482	531	653	551	552	522	632	545	1006	95	104	37	67	129	123	35	41	0
*	*	3p	-	43	1300967	849344	902736	1303418	4356465	9709	3046	1479	1322	504	533	548	593	516	576	544	1031	114	92	51	60	120	106	28	34	0
*	*	3p	-	44	1228980	804706	868298	1235841	4137825	8947	2841	1374	1271	464	571	499	515	545	516	492	981	109	94	41	54	110	111	23	26	0
*	*	3p	-	45	1164291	763464	820186	1174940	3922881	8149	2718	1317	1256	446	525	519	524	505	518	507	912	83	84	39	45	101	107	24	38	0
*	*	3p	-	46	1113821	710231	778707	1108308	3711067	7172	2558	1224	1203	443	548	438	508	466	468	468	843	83	95	42	45	92	108	20	23	0
*	*	3p	-	47	1063742	664481	725764	1045764	3499751	6723	2439	1176	1060	424	463	432	417	410	498	418	792	88	78	35	45	89	76	19	21	0
*	*	3p	-	48	994429	628562	689433	981055	3293479	6294	2155	1146	1008	402	468	393	411	406	415	482	813	74	76	33	37	83	66	27	19	0
*	*	3p	-	49	929965	592308	643919	923898	3090090	5825	2143	1037	935	371	402	410	399	355	387	369	731	54	65	27	45	83	83	13	30	0
*	*	3p	-	50	866102	550265	599027	877543	2892937	5204	2134	915	946	336	414	369	423	370	446	354	689	68	58	22	48	60	69	21	18	0
*	*	3p	-	51	813899	518847	556328	814714	2703788	4612	1971	878	878	345	382	332	389	349	372	280	644	61	57	24	25	73	68	23	24	0
*	*	3p	-	52	769056	473458	521123	761057	2524694	4358	1710	863	772	309	374	294	310	323	329	274	606	43	45	21	22	66	58	11	10	0
*	*	3p	-	53	711956	446585	490311	705535	2354387	3977	1703	843	731	313	335	302	318	308	288	300	577	48	44	14	31	55	59	10	13	0
*	*	3p	-	54	664190	414949	456985	657712	2193836	3662	1657	834	640	297	298	296	273	262	270	273	524	38	38	14	24	60	49	8	10	0
*	*	3p	-	55	610029	389974	421759	618281	2040043	3390	1557	688	656	265	265	242	297	274	294	236	477	40	33	15	24	41	47	16	9	0
*	*	3p	-	56	575134	357225	392013	569650	1894022	3066	1444	665	594	254	272	231	278	251	255	229	427	34	44	10	19	36	41	7	9	0
*	*	3p	-	57	535005	330719	360869	530204	1756797	2780	1289	588	601	218	277	241	223	218	258	201	391	30	34	12	15	33	32	9	13	0
*	*	3p	-	58	494646	304851	338926	488090	1626513	2577	1232	559	528	209	194	221	194	206	223	213	405	33	36	15	22	21	37	8	12	0
*	*	3p	-	59	456706	282729	311082	452650	1503167	2327	1167	471	428	185	223	206	197	194	181	211	350	27	33	15	20	40	31	9	9	0
*	*	3p	-	60	419391	260586	283504	423836	1387317	2189	1147	468	462	151	197	182	201	194	208	173	381	28	24	11	15	29	26	5	4	0
*	*	3p	-	61	389925	242037	259074	388127	1279163	1974	998	461	377	152	189	145	181	181	164	152	267	32	23	9	8	31	27	5	7	0
*	*	3p	-	62	361521	221236	236983	359325	1179065	1755	896	399	418	156	203	155	184	131	156	108	299	19	26	8	16	18	24	7	6	0
*	*	3p	-	63	328633	206267	221933	330193	1087026	1621	810	380	338	132	165	149	157	129	149	140	278	20	19	13	6	21	24	5	0	0
*	*	3p	-	64	302447	190884	204256	305069	1002656	1600	824	327	292	134	158	129	136	127	132	115	229	17	18	9	8	25	18	3	4	0
*	*	3p	-	65	279178	173474	188646	283889	925187	1408	663	278	276	117	122	135	125	123	137	125	245	15	13	4	6	15	14	9	6	0
*	*	3p	-	66	261043	160146	173625	258770	853584	1295	688	285	294	104	155	119	104	106	128	86	186	20	8	8	9	11	16	5	7	0
*	*	3p	-	67	242335	147596	159093	238415	787439	1168	573	241	277	99	112	103	96	87	131	89	173	17	12	4	6	9	19	2	1	0
*	*	3p	-	68	221852	136010	148659	219797	726318	1123	550	266	231	86	88	98	86	75	85	88	165	11	14	12	9	21	17	0	6	0
*	*	3p	-	69	205434	126299	137645	200806	670184	1033	521	210	173	73	108	92	96	58	96	83	153	11	20	5	6	8	14	3	4	0
*	*	3p	-	70	187345	116604	124055	190380	618384	900	464	183	176	82	72	91	104	76	93	65	136	6	7	8	6	8	16	3	3	0
*	*	5p	+	1	2206834	1345075	1550889	2124023	7226821	2352	7620	2564	2276	896	1114	933	1063	986	1145	924	1926	114	156	30	31	239	274	52	74	7227471
*	*	5p	+	2	2150749	1392144	1554133	2129796	7226822	2339	6281	2447	2122	914	958	858	1037	969	1116	806	1658	165	190	33	56	244	292	45	60	7227471
*	*	5p	+	3	2027332	1466963	1447497	2285058	7226850	2198	6464	2250	2257	906	1103	885	910	885	1035	959	1897	154	203	44	49	238	252	56	67	7227471
*	*	5p	+	4	1970741	1443909	1511674	2300558	7226882	2211	6169	2336	2291	933	1023	912	917	876	884	1024	1828	188	197	62	74	212	262	54	53	7227471
*	*	5p	+	5	2026769	1492710	1572246	2135059	7226784	2123	5218	2439	2199	870	894	844	827	897	818	957	1716	224	194	62	82	289	262	58	72	7227471
*	*	5p	+	6	2063018	1495310	1538760	2129649	7226737	2084	4871	2399	2191	899	929	831	848	923	848	867	1553	256	217	63	53	315	266	66	69	0
*	*	5p	+	7	2060954	1501096	1567074	2097703	7226827	2095	4687	2532	2219	861	883	936	787	1061	891	837	1537	229	247	80	81	276	251	45	67	0
*	*	5p	+	8	2077552	1502654	1565338	2081248	7226792	2191	4585	2428	2299	939	831	895	857	883	850	892	1596	259	233	69	75	303	248	52	74	0
*	*	5p	+	9	2063007	1521333	1572519	2069964	7226823	2193	4421	2269	2270	876	784	914	857	873	836	923	1741	204	205	66	68	266	248	64	65	0
*	*	5p	+	10	2077437	1525940	1568211	2055102	7226690	2589	4327	2464	2109	853	815	829	852	832	797	945	1651	237	215	78	82	351	293	61	72	0
*	*	5p	+	11	2079528	1517707	1569778	2059642	7226655	3113	4217	2475	2270	864	864	943	898	957	850	942	1639	270	208	60	76	339	314	53	84	0
*	*	5p	+	12	2063315	1514243	1581635	2067518	7226711	4205	4158	2449	2169	865	824	914	826	986	888	917	1684	262	242	79	65	323	297	74	59	0
*	*	5p	+	13	2047032	1512572	1615578	2051579	7226761	5792	4029	2324	2378	778	847	870	866	939	915	948	1640	240	249	68	97	273	316	50	65	0
*	*	5p	+	14	2051809	1512729	1620192	2041975	7226705	8255	4020	2356	2299	809	836	911	872	927	897	848	1665	261	273	59	84	314	322	60	61	0
*	*	5p	+	15	2062026	1513685	1627112	2023842	7226665	11553	3989	2356	2212	805	872	846	902	944	846	975	1651	250	296	85	90	331	325	55	91	0
*	*	5p	+	16	2061862	1517952	1605188	2041705	7226707	15104	4030	2355	2331	838	814	838	934	870	873	873	1614	235	268	74	90	321	334	43	64	0
*	*	5p	+	17	2073758	1493689	1593687	2065499	7226633	18809	3898	2357	2272	772	912	830	903	895	890	860	1565	243	305	69	100	337	356	69	72	0
*	*	5p	+	18	2063928	1503846	1596322	2062524	7226620	23008	3925	2307	2289	814	880	857	910	867	893	864	1596	241	293	80	103	357	365	59	68	0
*	*	5p	+	19	2069307	1492015	1620242	2045036	7226600	27570	3816	2215	2218	811	811	825	1039	858	932	882	1596	254	285	61	129	338	378	69	83	0
*	*	5p	+	20	2087251	1491476	1605830	2042048	7226605	31515	3819	2424	2312	859	908	902	1012	833	948	886	1579	258	258	76	102	314	361	56	67	0
*	*	5p	+	21	2078491	1487440	1591460	2055706	7213097	35500	3731	2275	2292	793	823	838	1078	848	959	866	1620	235	268	75	104	323	356	61	74	0
*	*	5p	+	22	2070855	1463726	1599632	2059797	7194010	39632	3633	2307	2460	824	873	763	1052	824	996	816	1566	223	259	83	101	293	350	51	70	0
*	*	5p	+	23	2058891	1476988	1585603	2047707	7169189	43381	3722	2178	2402	792	791	915	1050	849	961	905	1542	222	247	78	113	306	329	59	65	0
*	*	5p	+	24	2054628	1463786	1588001	2031013	7137428	47642	3661	2227	2537	847	840	881	1085	854	981	919	1604	218	272	93	133	295	319	62	79	0
*	*	5p	+	25	2069712	1456297	1577457	1993435	7096901	50867	3415	2287	2393	801	910	835	1070	784	915	923	1604	210	232	81	129	271	283	49	52	0
*	*	5p	+	26	2051704	1435904	1554816	2003715	7046139	54360	3477	2241	2522	801	867	798	1087	841	989	894	1439	226	223	88	116	275	304	67	51	0
*	*	5p	+	27	2023490	1423135	1521429	2014805	6982859	57193	3177	2145	2565	859	873	833	1093	794	1066	841	1469	217	233	91	127	294	311	49	81	0
*	*	5p	+	28	2001088	1408382	1506799	1990792	6907061	59655	3317	2081	2627	711	815	872	1155	812	993	795	1432	219	244	87	113	289	270	58	64	0
*	*	5p	+	29	1969616	1377626	1496785	1972052	6816079	62244	3307	2018	2580	756	820	806	1237	816	957	888	1466	220	240	68	149	296	274	54	56	0
*	*	5p	+	30	1988059	1345787	1464139	1914672	6712657	64452	3265	2257	2454	818	848	861	1189	826	916	843	1448	206	242	86	128	272	239	45	57	0
*	*	5p	+	31	1948318	1322482	1435655	1889736	6596191	66411	3045	1996	2480	749	762	779	1178	776	992	809	1363	173	247	106	121	278	223	41	63	0
*	*	5p	+	32	1919665	1289507	1396781	1861163	6467116	67626	3074	2138	2553	755	837	815	1243	874	1044	745	1299	193	207	82	106	287	236	62	68	0
*	*	5p	+	33	1872889	1248911	1375975	1827550	6325325	69346	2836	1842	2478	745	778	831	1231	860	966	785	1236	198	198	71	124	287	226	59	47	0
*	*	5p	+	34	1824346	1232686	1341385	1773244	6171661	70311	2844	1820	2424	714	714	749	1169	789	984	732	1235	180	244	72	120	241	242	47	71	0
*	*	5p	+	35	1793948	1183071	1307001	1721386	6005406	71414	2642	1875	2367	716	783	733	1103	711	869	744	1202	185	201	99	126	245	241	49	52	0
*	*	5p	+	36	1729870	1150146	1250498	1696405	5826919	70602	2681	1777	2450	717	740	664	1142	686	934	691	1136	168	165	76	121	255	208	48	54	0
*	*	5p	+	37	1680827	1114247	1191069	1651056	5637199	69464	2457	1740	2335	622	735	633	1081	721	915	649	1133	168	185	81	108	247	183	52	44	0
*	*	5p	+	38	1611285	1075585	1153355	1596043	5436268	70059	2462	1666	2295	617	643	669	1099	705	934	629	1101	135	186	96	112	217	186	57	59	0
*	*	5p	+	39	1555731	1024245	1116478	1527507	5223961	69700	2307	1664	2184	592	655	678	1065	712	888	657	1031	138	165	59	102	216	192	60	44	0
*	*	5p	+	40	1513098	972868	1055023	1463728	5004717	67615	2152	1620	2091	550	654	620	959	667	878	610	1048	138	145	80	97	216	183	40	52	0
*	*	5p	+	41	1442375	926071	1005005	1408819	4782270	66376	2115	1403	2113	582	574	545	917	606	855	571	946	123	159	61	84	209	145	46	46	0
*	*	5p	+	42	1376420	878375	961355	1343927	4560077	65359	1982	1309	1959	507	599	579	945	552	784	511	864	103	133	70	81	192	152	33	42	0
*	*	5p	+	43	1316735	829655	925756	1266752	4338898	63621	1955	1198	1890	475	519	511	860	589	750	566	846	118	120	55	112	170	153	41	53	0
*	*	5p	+	44	1248512	797116	877780	1196997	4120405	61968	1735	1212	1878	442	536	526	820	477	719	475	811	120	119	57	97	180	131	31	28	0
*	*	5p	+	45	1185192	753812	832156	1134055	3905215	60114	1678	1240	1801	441	486	466	812	435	655	454	793	103	129	53	81	163	140	37	30	0
*	*	5p	+	46	1122430	716667	774114	1080138	3693349	57620	1507	1100	1664	436	437	418	790	467	656	460	775	102	122	53	97	151	99	32	31	0
*	*	5p	+	47	1059934	670039	725736	1027627	3483336	55446	1453	1040	1592	414	493	428	719	453	635	407	618	94	115	60	72	130	117	37	34	0
*	*	5p	+	48	993995	634531	687443	961436	3277405	52805	1367	1010	1451	350	417	430	736	402	556	423	643	77	103	53	59	129	93	24	33	0
*	*	5p	+	49	935358	588568	645673	903818	3073417	50807	1344	858	1449	353	394	348	667	390	559	401	597	84	102	52	57	123	88	29	34	0
*	*	5p	+	50	886500	549167	602270	838602	2876539	48326	1161	865	1271	358	376	333	636	352	509	341	583	79	77	64	58	113	75	31	24	0
*	*	5p	+	51	826878	511084	564516	785373	2687851	45588	1018	832	1312	303	356	287	612	283	491	313	512	82	76	42	49	124	89	31	20	0
*	*	5p	+	52	772077	479936	518744	738436	2509193	42762	1083	737	1252	326	349	321	542	334	494	270	454	60	85	46	41	99	87	25	20	0
*	*	5p	+	53	714934	448406	489691	686833	2339864	41300	965	752	1139	270	293	287	541	324	439	299	430	72	59	48	52	94	65	27	25	0
*	*	5p	+	54	667019	417226	455607	639116	2178968	38862	880	645	1114	257	282	296	484	296	408	269	386	55	60	45	43	97	68	22	27	0
*	*	5p	+	55	624433	387313	426091	587613	2025450	36619	806	625	942	266	274	255	469	279	417	261	368	53	68	42	46	110	52	21	27	0
*	*	5p	+	56	578379	359573	389600	553149	1880701	34069	749	603	955	208	283	227	425	266	417	211	356	57	44	32	45	90	70	22	27	0
*	*	5p	+	57	537029	331933	362499	512843	1744304	31658	635	539	884	195	246	212	369	255	388	224	276	43	54	23	42	79	55	15	26	0
*	*	5p	+	58	494338	310096	335237	475075	1614746	29875	670	456	828	187	247	203	394	207	312	212	321	45	48	32	35	60	30	27	21	0
*	*	5p	+	59	457858	285324	309175	440000	1492357	26873	539	460	788	175	189	200	335	196	304	190	314	26	46	26	32	45	44	18	23	0
*	*	5p	+	60	427787	260726	285415	402884	1376812	25114	516	436	697	144	218	186	346	144	266	192	237	36	42	25	27	55	35	13	19	0
*	*	5p	+	61	393747	238186	263368	373681	1268982	23081	478	404	669	169	175	122	287	162	270	167	277	38	47	16	27	65	42	17	15	0
*	*	5p	+	62	364736	218684	241301	345276	1169997	21130	440	354	630	140	201	143	283	152	252	123	233	43	38	13	25	48	35	10	12	0
*	*	5p	+	63	333975	203449	225955	315278	1078657	19852	394	359	568	149	176	145	250	158	226	114	193	28	41	18	26	62	35	17	15	0
*	*	5p	+	64	309496	186720	208334	290098	994648	18194	380	354	523	119	131	110	251	173	220	144	186	24	26	19	25	54	37	14	16	0
*	*	5p	+	65	286348	173680	188884	268639	917551	16485	330	316	476	106	133	138	225	146	201	146	173	26	23	14	15	38	26	10	11	0
*	*	5p	+	66	262943	159342	174052	249898	846235	14946	332	280	452	92	143	115	188	149	207	112	151	31	21	17	20	37	16	11	13	0
*	*	5p	+	67	241477	146666	161210	231642	780995	13880	320	261	396	96	131	88	183	117	142	97	157	23	20	21	18	33	17	9	16	0
*	*	5p	+	68	221871	136892	148526	213116	720405	12941	248	234	363	106	123	90	163	107	133	93	160	21	23	16	15	42	34	13	12	0
*	*	5p	+	69	205536	125316	136958	197041	664851	11864	256	212	333	74	77	96	149	92	170	94	144	18	27	13	24	37	24	7	21	0
*	*	5p	+	70	192462	114043	126963	179709	613177	10676	238	201	322	87	124	75	140	86	128	87	120	18	20	11	18	37	21	5	2	0
*	*	5p	-	1	2223439	1342911	1561354	2117777	7245481	2486	7888	2640	2245	999	1183	960	1007	972	1144	996	1908	20	11	33	20	59	54	32	48	7245687
*	*	5p	-	2	2167655	1389382	1564601	2123840	7245478	2376	6585	2569	2216	889	1076	965	978	1006	1081	797	1680	30	33	29	31	48	58	49	48	7245687
*	*	5p	-	3	2043830	1466734	1459436	2275486	7245486	2262	6667	2266	2259	914	1085	881	944	924	922	920	1884	51	36	36	36	63	53	43	40	7245687
*	*	5p	-	4	1987035	1440549	1523369	2294518	7245471	2254	6156	2354	2399	1011	1003	985	868	942	927	1039	1812	49	37	43	45	52	78	41	41	7245687
*	*	5p	-	5	2046528	1489551	1582864	2126546	7245489	2276	5371	2503	2120	928	1020	985	888	886	827	973	1693	62	63	45	42	64	66	33	32	7245687
*	*	5p	-	6	2081369	1494344	1547585	2122115	7245413	2121	4999	2589	2353	921	1009	917	853	935	917	960	1620	59	82	40	42	89	77	44	57	0
*	*	5p	-	7	2080447	1498649	1576525	2089793	7245414	2179	4648	2597	2372	929	924	1025	848	1029	887	906	1714	69	85	46	58	93	82	42	53	0
*	*	5p	-	8	2093122	1501245	1574704	2076329	7245400	2241	4573	2465	2360	871	954	983	892	928	905	949	1705	77	101	63	65	85	117	38	42	0
*	*	5p	-	9	2081909	1517295	1583687	2062448	7245339	2362	4482	2408	2264	875	903	934	876	924	884	951	1623	94	87	65	60	107	129	54	56	0
*	*	5p	-	10	2094543	1523591	1581099	2046081	7245314	2668	4439	2441	2228	888	932	892	829	885	900	951	1710	115	135	61	69	137	129	50	51	0
*	*	5p	-	11	2097029	1514626	1578918	2054682	7245255	3194	4295	2646	2274	947	949	991	907	997	923	910	1721	121	136	46	62	134	150	62	59	0
*	*	5p	-	12	2080057	1511590	1593826	2059784	7245257	4173	4252	2459	2256	865	868	998	846	978	940	878	1698	133	144	68	50	159	176	44	45	0
*	*	5p	-	13	2064086	1509540	1627049	2044495	7245170	5966	4169	2368	2256	781	892	948	899	865	886	972	1713	128	159	47	71	199	198	53	62	0
*	*	5p	-	14	2071764	1508813	1630189	2034407	7245173	8653	4204	2402	2330	830	856	954	906	932	864	907	1685	145	155	74	62	197	196	59	48	0
*	*	5p	-	15	2078878	1511861	1636754	2017635	7245128	11849	3926	2502	2186	882	936	927	883	905	842	996	1610	159	154	58	90	218	224	54	62	0
*	*	5p	-	16	2078101	1512583	1617095	2037326	7245105	15039	4012	2361	2287	861	893	905	932	860	922	888	1623	161	195	55	93	241	211	57	70	0
*	*	5p	-	17	2091929	1494232	1600204	2058759	7245124	19034	4040	2407	2300	859	898	829	902	823	880	925	1592	174	159	59	77	229	209	57	60	0
*	*	5p	-	18	2080696	1500823	1605914	2057667	7245100	23487	3932	2320	2315	819	889	863	1017	863	865	907	1641	190	183	66	65	257	214	48	65	0
*	*	5p	-	19	2083530	1490853	1630974	2039732	7245089	27669	3852	2303	2279	776	846	873	1015	853	974	885	1696	201	173	68	90	246	222	54	71	0
*	*	5p	-	20	2106338	1488807	1614408	2035447	7245000	31827	3828	2390	2317	830	854	930	1029	884	930	884	1592	204	175	68	94	272	244	50	58	0
*	*	5p	-	21	2095127	1484770	1599589	2052061	7231547	35749	3772	2358	2378	873	920	810	1025	808	1017	881	1588	225	211	67	83	263	254	55	54	0
*	*	5p	-	22	2088570	1462691	1606443	2054879	7212583	40039	3680	2283	2462	906	911	849	988	921	967	885	1615	220	207	67	107	294	243	43	60	0
*	*	5p	-	23	2075503	1472497	1598450	2041441	7187891	43590	3708	2194	2359	823	897	927	1099	928	962	960	1552	252	204	61	105	322	262	51	70	0
*	*	5p	-	24	2070699	1460953	1601355	2023088	7156095	47935	3736	2216	2489	786	872	951	1047	917	939	892	1646	260	232	75	102	317	251	61	61	0
*	*	5p	-	25	2085993	1453181	1586851	1989454	7115479	51695	3489	2301	2410	860	933	835	1129	827	953	880	1543	235	229	84	114	294	274	51	63	0
*	*	5p	-	26	2063907	1435668	1566030	1998720	7064325	55072	3472	2214	2543	784	863	794	1170	824	1062	836	1480	282	222	79	132	298	283	65	61	0
*	*	5p	-	27	2039194	1421093	1531429	2009988	7001704	57416	3360	2227	2507	876	887	809	1158	849	1005	870	1471	275	241	78	118	327	287	46	69	0
*	*	5p	-	28	2016905	1407522	1517227	1984049	6925703	59681	3408	2115	2541	773	764	813	1192	798	1007	753	1508	284	212	66	115	309	296	43	75	0
*	*	5p	-	29	1985313	1375292	1508007	1965881	6834493	62519	3372	2053	2628	767	803	797	1222	899	1033	827	1404	245	264	97	121	348	297	55	67	0
*	*	5p	-	30	2004435	1340971	1473996	1911784	6731186	64988	3212	2175	2426	786	796	908	1162	866	983	829	1413	249	268	87	129	374	285	52	73	0
*	*	5p	-	31	1965595	1319443	1447531	1882182	6614751	66445	2997	2060	2509	774	830	710	1148	820	1047	833	1385	243	255	89	114	385	288	49	73	0
*	*	5p	-	32	1938865	1284067	1407497	1855568	6485997	67882	3047	2073	2610	765	802	821	1193	849	1058	736	1317	270	269	78	124	351	303	46	75	0
*	*	5p	-	33	1889230	1248412	1385635	1820992	6344269	69737	2984	1936	2564	696	821	752	1180	733	1012	781	1329	279	277	82	130	325	334	53	52	0
*	*	5p	-	34	1843354	1228950	1350582	1768281	6191167	70520	2811	1929	2455	712	787	718	1162	781	1017	734	1330	252	271	91	155	349	318	60	76	0
*	*	5p	-	35	1808666	1182459	1318906	1714698	6024729	71712	2693	1921	2357	703	772	757	1090	691	905	754	1233	250	262	90	126	350	324	50	72	0
*	*	5p	-	36	1747020	1152689	1258263	1688514	5846486	71008	2679	1787	2402	650	796	701	1120	677	962	675	1204	243	297	100	140	335	316	63	68	0
*	*	5p	-	37	1695074	1114988	1199093	1647114	5656269	69889	2481	1756	2508	649	787	645	1125	664	944	635	1078	256	243	94	137	348	328	62	65	0
*	*	5p	-	38	1627258	1073557	1162967	1591874	5455656	70349	2510	1624	2288	628	678	655	1106	636	940	635	1070	234	271	93	97	339	312	55	52	0
*	*	5p	-	39	1573298	1019829	1126616	1522983	5242726	70374	2308	1666	2249	625	643	666	1052	722	884	641	1055	227	289	60	131	297	296	67	57	0
*	*	5p	-	40	1525945	972288	1064761	1459781	5022775	68470	2231	1559	2048	617	703	640	1003	614	804	624	990	237	271	74	153	262	286	56	61	0
*	*	5p	-	41	1457713	923895	1012619	1405258	4799485	66548	2039	1448	2045	563	602	541	993	551	813	602	956	227	229	82	104	242	291	48	55	0
*	*	5p	-	42	1391197	877361	969584	1339435	4577577	65596	1962	1408	1989	509	621	533	932	546	795	510	871	217	234	73	109	247	255	37	38	0
*	*	5p	-	43	1330578	826949	936058	1262555	4356140	64844	1850	1292	1936	511	587	549	944	542	781	555	853	221	212	64	123	268	236	51	55	0
*	*	5p	-	44	1262911	794673	886338	1193590	4137512	62614	1677	1273	1747	477	476	548	909	515	700	512	801	169	220	69	116	257	243	36	43	0
*	*	5p	-	45	1199656	751627	842025	1129293	3922601	60874	1669	1176	1734	460	540	484	812	473	725	491	706	196	199	84	104	233	234	26	53	0
*	*	5p	-	46	1136125	716583	779532	1078524	3710764	58091	1540	1152	1731	448	488	423	792	455	691	439	704	178	196	78	103	255	206	45	40	0
*	*	5p	-	47	1073466	669085	731311	1025508	3499370	55668	1447	1080	1682	426	506	439	741	445	643	384	655	151	216	52	98	211	192	31	40	0
*	*	5p	-	48	1003378	631410	697003	961428	3293219	53709	1401	989	1555	382	401	432	695	431	612	413	662	163	166	52	87	217	170	17	45	0
*	*	5p	-	49	945779	588431	654702	900900	3089812	51697	1250	993	1425	362	432	351	660	395	552	413	585	137	160	51	74	217	194	31	40	0
*	*	5p	-	50	898687	548744	608243	836968	2892642	48477	1205	895	1349	369	417	372	653	375	550	357	603	106	150	61	93	190	174	50	47	0
*	*	5p	-	51	837835	509315	570678	785724	2703552	46006	1019	827	1304	301	394	308	600	366	508	335	491	131	168	54	78	191	173	26	35	0
*	*	5p	-	52	784671	476745	524570	738430	2524416	43432	1010	762	1234	303	342	323	580	342	479	275	453	127	151	58	72	186	173	35	29	0
*	*	5p	-	53	725077	447548	497636	683893	2354154	41656	936	703	1179	302	335	295	531	306	457	267	524	111	130	55	79	156	148	27	38	0
*	*	5p	-	54	677109	416655	461089	638745	2193598	39379	896	716	1067	265	302	298	545	258	416	268	450	119	133	41	76	148	139	40	36	0
*	*	5p	-	55	633774	386294	433458	586267	2039793	37470	807	639	984	241	275	250	475	280	387	277	431	118	124	44	55	164	134	23	36	0
*	*	5p	-	56	588445	359701	393743	551909	1893798	34153	761	607	936	229	267	259	430	249	388	237	337	101	100	35	64	130	128	30	27	0
*	*	5p	-	57	548557	330842	366653	510538	1756590	32188	703	553	918	211	274	216	412	247	364	231	319	86	114	30	51	122	115	23	33	0
*	*	5p	-	58	502301	309118	340919	473996	1626334	30281	619	535	808	186	277	247	363	224	335	215	337	83	103	49	55	135	91	21	17	0
*	*	5p	-	59	464851	285191	314148	438806	1502996	28051	582	465	769	162	199	194	375	200	325	201	316	71	108	41	38	118	98	24	19	0
*	*	5p	-	60	434706	260363	290223	401849	1387141	25640	552	445	698	182	227	191	350	182	246	172	278	62	74	23	44	99	97	18	26	0
*	*	5p	-	61	400017	237509	267413	374041	1278980	23617	474	423	656	159	189	149	311	175	307	176	260	66	79	31	42	127	76	27	23	0
*	*	5p	-	62	369966	218293	245844	344784	1178887	21738	425	389	608	150	199	127	313	163	278	132	241	51	73	8	31	121	66	26	21	0
*	*	5p	-	63	339816	202336	228961	315740	1086853	20267	424	357	556	141	173	136	224	161	217	124	206	50	53	27	33	108	74	19	19	0
*	*	5p	-	64	313399	187318	211827	289998	1002542	18489	364	306	542	130	161	137	255	170	223	139	202	47	54	11	26	75	61	8	19	0
*	*	5p	-	65	291516	173308	193057	267206	925087	17108	349	337	471	118	166	123	224	138	189	119	173	46	49	17	23	73	46	8	16	0
*	*	5p	-	66	268401	158503	177614	248965	853483	15420	365	286	467	134	154	105	201	123	199	132	166	51	42	19	35	73	50	6	10	0
*	*	5p	-	67	247419	147315	162129	230458	787321	14091	309	245	395	106	151	95	198	94	165	97	131	43	56	17	22	70	53	13	12	0
*	*	5p	-	68	226431	135614	150285	213909	726239	13202	263	226	357	98	114	102	193	93	154	113	131	33	41	22	25	52	43	14	12	0
*	*	5p	-	69	208688	125619	139787	195991	670085	12060	268	221	368	86	116	83	140	88	156	95	129	38	45	12	25	52	41	17	15	0
*	*	5p	-	70	196057	114082	129070	179091	618300	10786	222	193	312	70	113	79	150	104	122	86	115	39	27	17	21	64	32	8	10	0
