Sample	Library	End	Std	Pos	A	C	G	T	Total	G>A	C>T	A>G	T>C	A>C	A>T	C>G	C>A	T>G	T>A	G>C	G>T	A>-	T>-	C>-	G>-	->A	->T	->C	->G	S
*	*	3p	+	1	1823189	1249411	1989698	2047407	7109705	496652	3172	2849	8392	1505	2383	1363	2932	1740	3622	953	1579	0	0	0	0	0	0	0	0	10
*	*	3p	+	2	2248648	1504751	1309416	2072908	7135723	280354	3568	1877	6552	1661	2147	798	3084	1197	3277	1106	1650	3	3	4	3	8	3	6	5	10
*	*	3p	+	3	2054913	1349916	1557764	2168054	7130647	291757	3554	2070	5469	1356	2007	899	3165	1162	2624	1090	1688	5	5	7	8	8	14	10	12	9
*	*	3p	+	4	2104729	1358790	1509547	2155206	7128272	244854	3326	1945	4929	1237	1660	957	3216	1181	2254	935	1532	7	7	3	9	17	23	18	13	0
*	*	3p	+	5	2004005	1507426	1419155	2199864	7130450	196328	3131	1693	5176	1326	1572	890	2536	1024	2029	1054	1540	9	7	6	3	40	45	30	22	0
*	*	3p	+	6	2119693	1458376	1476981	2171907	7226957	184017	2977	2427	4537	1072	1373	1024	2347	1133	1931	1074	1642	11	15	10	15	140	126	82	77	0
*	*	3p	+	7	2142590	1452117	1523029	2109118	7226854	173887	3015	2234	4332	1053	1257	939	2007	1008	1663	971	1545	46	61	34	81	192	148	100	100	0
*	*	3p	+	8	2292594	1345057	1608366	1980713	7226730	166229	2922	2385	3545	855	1029	926	1978	1039	1785	931	1535	79	99	62	88	262	153	113	130	0
*	*	3p	+	9	2312370	1410676	1574841	1928897	7226784	142256	2945	2269	3580	989	887	989	1880	992	1521	1017	1314	79	93	79	113	263	150	87	106	0
*	*	3p	+	10	2142497	1476161	1611652	1996591	7226901	126105	3003	2123	3506	865	889	972	1677	923	1380	971	1385	78	118	110	125	230	157	85	91	0
*	*	3p	+	11	2138099	1451984	1610770	2026152	7227005	112672	2943	2272	3262	849	846	936	1610	914	1235	902	1422	85	91	106	124	211	115	57	79	0
*	*	3p	+	12	2111617	1480827	1600982	2033549	7226975	99912	2974	2231	3180	883	871	812	1425	842	1154	817	1266	98	106	101	121	187	125	56	64	0
*	*	3p	+	13	2090296	1476862	1606101	2053736	7226995	92045	2917	2202	3123	802	874	914	1369	898	1127	1048	1352	104	109	90	133	161	116	49	69	0
*	*	3p	+	14	2074361	1489164	1625951	2037583	7227059	85860	2971	2236	2910	805	858	904	1400	864	1082	932	1343	111	124	98	148	180	115	57	56	0
*	*	3p	+	15	2059621	1479622	1629021	2058773	7227037	79635	3008	2141	2908	776	874	888	1315	910	1106	832	1395	116	129	91	119	193	132	50	55	0
*	*	3p	+	16	2077066	1479058	1613204	2057602	7226930	75362	2958	2283	2865	778	828	919	1305	890	1109	854	1355	127	140	101	129	202	154	56	64	0
*	*	3p	+	17	2080227	1492069	1612842	2041784	7226922	72254	2793	2198	2902	775	901	888	1274	820	1011	849	1316	173	169	80	139	236	184	63	56	0
*	*	3p	+	18	2058131	1514750	1619440	2034516	7226837	68881	2974	2404	2659	809	786	833	1200	836	960	910	1428	163	164	98	113	256	190	57	70	0
*	*	3p	+	19	2053938	1517265	1620341	2035336	7226880	65949	2998	2219	2894	779	785	904	1140	893	950	894	1340	187	184	82	130	268	185	60	72	0
*	*	3p	+	20	2032051	1528060	1620962	2045778	7226851	64065	3301	2155	2700	815	728	870	1262	905	1014	831	1444	165	211	104	123	274	221	59	60	0
*	*	3p	+	21	2056716	1505881	1626328	2037932	7226857	62117	3143	2273	2766	759	847	943	1128	826	975	846	1418	203	207	99	119	247	236	66	61	0
*	*	3p	+	22	2087413	1490028	1600721	2048675	7226837	58919	3157	2324	2609	783	763	804	1112	839	955	761	1442	192	214	106	123	269	237	51	71	0
*	*	3p	+	23	2080295	1488138	1618185	2040171	7226789	57218	3324	2259	2558	767	754	864	1174	855	989	856	1435	178	228	87	124	286	291	49	53	0
*	*	3p	+	24	2065349	1512348	1604596	2044515	7226808	54556	3367	2156	2520	779	769	860	1153	828	808	841	1500	200	268	83	133	266	248	64	80	0
*	*	3p	+	25	2064109	1498377	1598455	2065873	7226814	52328	3506	2134	2615	781	811	868	1109	884	989	847	1461	211	247	96	132	268	284	47	52	0
*	*	3p	+	26	2090661	1486835	1602588	2046410	7226494	49638	3386	2199	2602	772	824	826	1045	799	886	789	1389	231	252	97	113	297	293	67	72	0
*	*	3p	+	27	2096455	1498561	1581215	2049866	7226097	46758	3567	2144	2582	805	792	824	1061	857	925	791	1442	228	250	92	130	302	322	68	73	0
*	*	3p	+	28	2084792	1492705	1604752	2043503	7225752	44739	3632	2252	2327	828	791	825	1023	868	907	896	1461	237	288	93	107	290	355	60	61	0
*	*	3p	+	29	2071189	1503206	1601230	2049660	7225285	42233	3770	2254	2444	762	811	841	1012	867	840	854	1602	236	325	82	122	332	309	63	77	0
*	*	3p	+	30	2046825	1499709	1598042	2079969	7224545	39699	3893	2153	2488	800	739	860	1008	878	1074	878	1450	252	293	90	119	327	311	52	72	0
*	*	3p	+	31	2072044	1488664	1591403	2058375	7210486	37253	4005	2247	2505	838	796	850	973	851	889	905	1474	262	285	85	111	341	320	68	61	0
*	*	3p	+	32	2098785	1461389	1587979	2042688	7190841	34320	4038	2241	2380	803	869	798	966	861	934	768	1444	263	298	94	117	309	373	55	62	0
*	*	3p	+	33	2082016	1457348	1586246	2039547	7165157	32165	4124	2230	2403	782	750	802	996	827	901	813	1453	242	294	89	119	345	345	67	64	0
*	*	3p	+	34	2085064	1459866	1566114	2021616	7132660	30267	4249	2341	2186	811	786	868	1001	839	795	871	1463	240	276	87	118	309	333	61	70	0
*	*	3p	+	35	2042849	1441243	1543584	2063508	7091184	27983	4363	2170	2318	819	785	816	937	866	902	860	1502	257	274	81	81	331	346	56	73	0
*	*	3p	+	36	2036013	1430156	1530685	2042535	7039389	25730	4528	2360	2274	777	829	805	929	827	849	851	1569	236	271	75	102	314	373	61	74	0
*	*	3p	+	37	2033282	1401211	1506966	2033960	6975419	23961	4591	2276	2284	802	918	794	901	844	873	863	1533	257	271	71	94	314	369	63	68	0
*	*	3p	+	38	2016596	1393634	1482103	2006349	6898682	21916	4874	2196	2151	755	868	795	962	885	834	867	1555	267	298	79	102	357	351	53	59	0
*	*	3p	+	39	1975609	1374194	1479921	1977215	6806939	20810	5001	2198	2063	757	860	743	875	803	805	866	1580	265	254	80	112	340	337	46	53	0
*	*	3p	+	40	1942537	1348056	1435784	1976496	6702873	18874	4908	2037	2218	723	797	774	884	923	879	802	1578	255	255	70	95	328	296	66	62	0
*	*	3p	+	41	1943879	1308270	1415906	1917574	6585629	17856	4951	2163	2028	721	881	725	849	798	824	780	1503	235	255	72	109	305	280	54	68	0
*	*	3p	+	42	1918829	1260073	1384811	1892136	6455849	16336	5162	2065	2132	702	786	699	840	830	868	739	1469	232	236	86	79	347	267	44	52	0
*	*	3p	+	43	1883484	1230594	1357789	1841622	6313489	14965	5221	2049	1886	770	754	755	825	764	804	776	1475	262	221	83	77	297	306	43	60	0
*	*	3p	+	44	1833985	1210011	1309992	1804885	6158873	13776	5425	2018	1808	681	836	764	780	748	835	708	1531	217	209	67	80	292	268	51	62	0
*	*	3p	+	45	1789667	1157934	1262551	1781880	5992032	12681	5341	1894	1897	690	756	695	736	797	894	746	1405	215	208	72	86	282	234	54	64	0
*	*	3p	+	46	1752518	1120491	1216025	1724250	5813284	11670	5214	2069	1690	656	803	695	771	762	830	641	1447	207	205	65	73	278	282	55	60	0
*	*	3p	+	47	1698264	1085457	1168942	1670496	5623159	10530	5272	1896	1609	680	709	590	697	736	788	654	1247	213	204	60	69	264	275	44	43	0
*	*	3p	+	48	1618666	1059468	1122916	1620831	5421881	9884	5411	1799	1657	666	780	614	725	737	817	629	1247	200	183	52	72	273	224	51	51	0
*	*	3p	+	49	1550956	1012371	1094986	1551316	5209629	9331	5391	1685	1502	656	743	600	693	644	681	604	1329	195	191	58	83	253	245	39	38	0
*	*	3p	+	50	1485350	970437	1044875	1489572	4990234	8480	5204	1658	1467	603	676	597	653	644	820	581	1209	170	188	49	68	224	226	38	56	0
*	*	3p	+	51	1434149	907369	1001773	1424784	4768075	7707	4982	1673	1376	563	673	539	593	612	694	508	1146	174	183	55	65	224	218	26	45	0
*	*	3p	+	52	1384833	859033	942359	1359948	4546173	7087	4905	1517	1290	580	679	491	568	576	732	503	1091	165	188	50	53	205	195	34	43	0
*	*	3p	+	53	1310628	821192	904138	1289251	4325209	6517	4774	1423	1296	514	609	496	547	588	625	507	1008	168	145	40	56	181	187	37	35	0
*	*	3p	+	54	1243568	781942	854157	1227185	4106852	5954	4631	1446	1198	510	571	477	519	518	602	491	1007	134	147	29	58	184	171	35	43	0
*	*	3p	+	55	1174566	734011	802983	1180510	3892070	5352	4610	1329	1168	462	566	459	498	550	675	476	932	134	127	31	52	168	173	29	30	0
*	*	3p	+	56	1115825	699951	754741	1109786	3680303	4810	4295	1286	1027	437	559	423	499	520	569	411	903	105	117	36	47	158	145	12	33	0
*	*	3p	+	57	1064672	645736	712493	1047998	3470899	4504	4067	1220	989	474	512	378	427	475	518	373	813	100	116	30	49	140	157	24	30	0
*	*	3p	+	58	993872	615157	674990	981303	3265322	4213	3969	1127	937	377	497	353	478	468	505	410	831	92	127	25	37	127	124	19	18	0
*	*	3p	+	59	931469	576421	631818	922241	3061949	3857	3965	1111	900	387	441	326	409	391	414	398	774	102	110	19	38	119	110	16	26	0
*	*	3p	+	60	862195	543764	589470	870193	2865622	3528	3722	992	840	340	393	325	382	396	468	301	739	79	78	23	29	103	96	10	19	0
*	*	3p	+	61	816516	498812	551404	810942	2677674	3305	3528	949	781	355	398	300	326	383	401	344	656	66	69	21	24	102	97	14	18	0
*	*	3p	+	62	764218	468362	510036	756917	2499533	3031	3220	866	731	274	378	265	359	371	422	255	576	57	76	18	25	90	96	16	17	0
*	*	3p	+	63	712048	433874	483115	701816	2330853	2807	2926	880	699	284	382	247	304	318	387	310	559	67	47	22	22	84	72	12	15	0
*	*	3p	+	64	665056	402665	448769	653937	2170427	2586	2938	762	594	317	341	270	313	319	328	260	568	65	56	14	18	70	65	10	18	0
*	*	3p	+	65	615816	374879	410036	616709	2017440	2342	2748	703	620	242	334	217	280	278	338	200	555	37	56	12	21	76	76	13	8	0
*	*	3p	+	66	576014	349530	377902	569488	1872934	2214	2581	641	513	242	293	253	273	233	299	216	463	52	53	25	16	62	63	4	12	0
*	*	3p	+	67	534562	323540	346875	532157	1737134	1979	2438	639	532	210	287	164	215	233	285	179	453	40	44	9	14	57	58	9	12	0
*	*	3p	+	68	492056	301337	324087	490413	1607893	1815	2205	590	435	203	238	180	238	226	237	193	397	40	40	9	16	47	64	8	5	0
*	*	3p	+	69	452224	280485	300519	452907	1486135	1581	2206	530	411	176	249	175	224	215	265	161	379	34	40	14	3	49	42	6	3	0
*	*	3p	+	70	416972	255245	277387	421415	1371019	1491	1924	486	438	172	196	128	194	209	278	176	354	30	38	9	9	47	47	10	8	0
*	*	3p	-	1	1839541	1247190	2001057	2040726	7128514	498629	3120	3018	8280	1564	2470	1364	2996	1848	3631	1038	1637	0	0	0	0	0	0	0	0	17
*	*	3p	-	2	2268953	1506424	1316240	2062444	7154061	282136	3730	1873	6603	1625	2206	768	3228	1243	3261	1147	1716	7	5	3	5	42	16	15	10	16
*	*	3p	-	3	2069086	1346510	1569796	2163575	7148967	294838	3343	2078	5347	1391	2020	928	3201	1132	2521	1035	1557	15	15	10	19	73	40	20	31	10
*	*	3p	-	4	2123410	1352465	1521337	2148333	7145545	247927	3376	1900	4865	1218	1729	974	3248	1128	2237	1000	1454	21	19	10	28	190	158	54	51	1
*	*	3p	-	5	2021152	1504806	1430868	2192313	7149139	198420	3194	1625	5068	1269	1535	836	2624	962	2078	1039	1508	67	110	35	60	324	290	103	77	0
*	*	3p	-	6	2138866	1455763	1485551	2164333	7244513	185176	2951	2458	4474	1106	1401	1123	2403	1136	1892	1060	1673	156	117	53	82	493	342	133	121	0
*	*	3p	-	7	2162944	1451540	1531612	2098326	7244422	175255	2987	2281	4208	1057	1372	926	1979	1000	1629	991	1543	225	199	65	120	529	386	136	132	0
*	*	3p	-	8	2309652	1340686	1619028	1975095	7244461	166666	2882	2338	3643	889	1062	962	2049	1022	1693	958	1489	222	213	86	160	530	351	105	151	0
*	*	3p	-	9	2329033	1405507	1589155	1920944	7244639	144593	2903	2317	3595	998	888	988	1900	966	1486	1096	1360	249	255	118	194	441	325	106	117	0
*	*	3p	-	10	2160096	1470998	1622645	1990888	7244627	127253	2885	2210	3565	869	878	918	1703	930	1427	879	1393	255	348	141	188	456	411	89	102	0
*	*	3p	-	11	2156441	1447251	1620791	2020301	7244784	114194	2826	2339	3260	816	924	965	1593	893	1220	921	1386	240	373	110	170	380	346	76	99	0
*	*	3p	-	12	2132845	1480370	1607905	2023622	7244742	100949	2950	2153	3239	810	831	829	1472	871	1106	832	1299	247	346	105	155	370	375	62	83	0
*	*	3p	-	13	2109244	1474147	1615777	2045602	7244770	92685	2875	2349	3074	849	871	862	1389	920	1134	907	1361	282	327	126	153	338	373	66	87	0
*	*	3p	-	14	2091227	1482172	1640236	2031285	7244920	87136	2912	2186	2907	758	852	897	1356	854	1107	963	1338	270	287	115	190	314	305	55	90	0
*	*	3p	-	15	2077468	1475305	1638124	2053980	7244877	80903	2962	2212	2919	744	785	905	1254	866	1150	861	1396	261	342	92	154	325	349	65	62	0
*	*	3p	-	16	2089383	1477597	1624879	2052983	7244842	76040	3030	2230	2862	742	841	860	1305	881	1094	828	1416	263	311	81	144	328	316	68	69	0
*	*	3p	-	17	2098804	1491011	1621906	2033167	7244888	72221	2943	2291	2819	837	825	829	1236	916	1044	808	1326	262	335	99	160	347	319	65	68	0
*	*	3p	-	18	2076060	1511828	1631123	2025827	7244838	70031	3068	2321	2609	870	850	866	1196	837	960	907	1420	282	272	105	133	300	359	65	70	0
*	*	3p	-	19	2070110	1514317	1632432	2028057	7244916	66967	3041	2304	2722	815	789	862	1224	835	989	869	1379	273	325	100	157	349	288	70	60	0
*	*	3p	-	20	2048649	1524211	1631298	2040639	7244797	64312	3092	2222	2806	795	789	933	1166	834	1088	893	1353	272	301	107	161	418	336	59	74	0
*	*	3p	-	21	2071845	1501344	1636302	2035366	7244857	62657	3109	2218	2639	803	807	847	1136	813	1033	813	1364	270	312	93	141	335	356	65	73	0
*	*	3p	-	22	2104984	1490089	1609372	2040386	7244831	60063	3232	2231	2688	800	816	819	1133	863	1013	821	1363	312	322	88	128	385	329	68	69	0
*	*	3p	-	23	2098818	1487113	1625608	2033320	7244859	57896	3274	2263	2573	779	803	892	1120	775	989	876	1554	302	286	93	123	353	347	51	75	0
*	*	3p	-	24	2080779	1510304	1617121	2036672	7244876	55251	3329	2191	2584	800	776	828	1213	850	856	868	1539	283	287	101	116	337	337	63	68	0
*	*	3p	-	25	2078885	1496880	1609860	2059265	7244890	52660	3558	2166	2699	723	807	832	1182	844	1006	902	1524	262	291	96	115	347	304	66	76	0
*	*	3p	-	26	2104073	1485938	1609290	2045331	7244632	50050	3433	2246	2652	800	773	868	1106	866	941	825	1421	255	247	92	130	376	305	69	55	0
*	*	3p	-	27	2112515	1500449	1588880	2042520	7244364	47042	3589	2286	2653	829	846	878	1077	877	858	816	1453	244	252	78	123	382	234	57	78	0
*	*	3p	-	28	2103090	1489801	1615092	2036011	7243994	44935	3616	2178	2434	760	801	865	992	875	856	956	1518	256	234	88	104	351	268	58	51	0
*	*	3p	-	29	2084926	1499393	1615935	2043262	7243516	42938	3672	2262	2395	823	808	852	1010	888	909	844	1599	249	251	78	106	321	267	69	79	0
*	*	3p	-	30	2063352	1495206	1609652	2074669	7242879	39665	3861	2253	2519	726	768	911	1078	830	986	856	1529	243	268	98	123	286	265	61	71	0
*	*	3p	-	31	2089786	1488481	1598903	2051746	7228916	37089	3968	2245	2442	948	805	922	1037	887	916	908	1566	247	250	91	130	296	237	49	66	0
*	*	3p	-	32	2115849	1460616	1596391	2036552	7209408	34626	4032	2319	2449	776	888	807	981	850	925	852	1457	253	193	106	105	290	245	55	48	0
*	*	3p	-	33	2098149	1453199	1597942	2034582	7183872	32366	4178	2257	2245	803	873	868	967	881	924	914	1556	224	194	89	120	286	240	56	71	0
*	*	3p	-	34	2099279	1455362	1579123	2017688	7151452	30010	4332	2273	2278	829	892	909	884	792	900	841	1548	234	199	83	88	267	236	54	52	0
*	*	3p	-	35	2059301	1438069	1552567	2060015	7109952	27804	4578	2196	2483	777	811	868	978	881	945	806	1487	212	220	82	79	252	248	45	63	0
*	*	3p	-	36	2055139	1426865	1539868	2036089	7057961	25987	4690	2360	2236	763	800	849	958	881	839	838	1544	176	190	85	122	256	235	56	49	0
*	*	3p	-	37	2052501	1399775	1515128	2027155	6994559	24129	4682	2313	2303	802	834	772	898	859	913	850	1540	190	198	62	105	272	249	42	62	0
*	*	3p	-	38	2034088	1392420	1491050	2000154	6917712	22357	4729	2257	2136	781	854	894	889	803	841	885	1549	181	193	61	123	232	205	52	66	0
*	*	3p	-	39	1991804	1371666	1492197	1970130	6825797	21190	4923	2271	2070	751	841	781	854	846	826	814	1578	206	158	61	88	202	193	54	50	0
*	*	3p	-	40	1958701	1345418	1447187	1970216	6721522	19483	5058	2110	2153	743	795	850	880	907	908	778	1458	187	198	83	83	215	229	42	46	0
*	*	3p	-	41	1962268	1305944	1424375	1912126	6604713	18129	5194	2307	1981	729	782	734	831	787	870	746	1549	177	182	69	85	187	201	39	57	0
*	*	3p	-	42	1938743	1256357	1391461	1888604	6475165	16629	5264	2194	2047	739	801	679	826	803	853	723	1511	164	180	49	70	208	177	33	60	0
*	*	3p	-	43	1901279	1230235	1366883	1834450	6332847	15457	5129	2147	1871	779	867	691	804	746	848	770	1460	164	139	47	71	205	159	41	56	0
*	*	3p	-	44	1851609	1204585	1324501	1798097	6178792	14140	5347	2028	1785	686	823	733	716	746	821	784	1460	119	139	53	58	173	156	40	45	0
*	*	3p	-	45	1805024	1154834	1272269	1779725	6011852	12738	5484	1951	1917	725	842	686	793	762	911	777	1477	125	125	45	58	173	172	41	45	0
*	*	3p	-	46	1768701	1119059	1228272	1717148	5833180	11845	5347	1982	1658	707	797	678	748	780	786	644	1376	119	125	53	37	131	162	31	49	0
*	*	3p	-	47	1717543	1081569	1178496	1664940	5642548	11075	5267	1888	1742	676	801	643	686	696	795	646	1291	95	104	38	67	130	125	36	43	0
*	*	3p	-	48	1636563	1055626	1135092	1614261	5441542	10097	5462	1910	1547	629	700	638	733	683	736	666	1278	114	93	51	61	123	109	30	34	0
*	*	3p	-	49	1565866	1009986	1105074	1547570	5228496	9359	5328	1756	1509	602	745	599	647	724	717	631	1290	109	94	41	55	112	116	23	27	0
*	*	3p	-	50	1498780	967803	1054871	1487270	5008724	8534	5196	1736	1528	582	698	621	689	668	713	594	1208	84	86	39	48	101	108	24	39	0
*	*	3p	-	51	1448859	907120	1010899	1418666	4785544	7550	5064	1651	1463	612	753	529	639	625	675	591	1155	83	95	43	46	96	111	20	24	0
*	*	3p	-	52	1401438	857539	951120	1354009	4564106	7154	4924	1585	1314	538	658	516	559	605	688	507	1059	88	78	36	45	90	77	22	23	0
*	*	3p	-	53	1326199	818698	912588	1285351	4342836	6683	4598	1578	1232	534	650	501	571	562	600	596	1082	74	76	34	37	84	68	27	21	0
*	*	3p	-	54	1256019	780695	862672	1224988	4124374	6208	4642	1417	1169	505	587	513	512	512	558	463	1042	54	65	27	45	87	85	13	31	0
*	*	3p	-	55	1186686	733486	811304	1178244	3909720	5606	4551	1323	1192	467	610	475	542	522	628	453	970	68	58	22	52	60	71	22	21	0
*	*	3p	-	56	1127656	700376	762179	1107739	3697950	4973	4344	1259	1089	465	564	427	525	511	570	377	880	63	58	24	26	75	69	23	24	0
*	*	3p	-	57	1077126	644935	720810	1044541	3487412	4711	4073	1262	1010	449	550	361	452	473	506	352	819	43	45	22	23	66	59	13	15	0
*	*	3p	-	58	1005742	613360	684319	978014	3281435	4312	4033	1182	914	441	507	393	423	434	459	380	815	48	45	14	34	57	62	12	13	0
*	*	3p	-	59	945111	574160	641539	917756	3078566	3968	3894	1185	818	405	471	389	393	383	415	358	749	38	39	14	25	61	49	9	13	0
*	*	3p	-	60	874156	543008	596637	868224	2882025	3726	3742	1013	866	383	460	340	388	393	471	312	717	40	33	16	25	42	48	16	9	0
*	*	3p	-	61	828582	500581	558651	805996	2693810	3353	3523	945	767	339	414	317	359	378	386	307	666	34	46	10	20	37	41	8	10	0
*	*	3p	-	62	776692	466406	516433	755479	2515010	3051	3346	872	778	321	409	295	329	308	400	277	578	31	34	12	15	33	32	10	13	0
*	*	3p	-	63	724166	432444	489199	699437	2345246	2900	3075	855	694	303	321	286	284	318	351	291	574	33	37	15	22	22	38	8	13	0
*	*	3p	-	64	674947	403368	453191	653526	2185032	2598	3059	747	606	274	365	282	297	301	316	314	544	28	33	15	20	40	31	10	9	0
*	*	3p	-	65	624943	374629	414995	617290	2031857	2420	2901	710	634	236	367	245	303	313	346	227	557	27	24	11	15	29	26	5	4	0
*	*	3p	-	66	585254	349805	382174	569059	1886292	2215	2657	713	531	233	301	211	256	260	280	205	453	33	23	9	8	32	27	5	7	0
*	*	3p	-	67	545376	322411	350904	530930	1749621	1989	2440	664	545	221	333	217	266	218	267	149	464	19	26	9	16	18	24	7	6	0
*	*	3p	-	68	498501	301675	330200	489282	1619658	1834	2271	589	462	217	286	202	253	206	258	194	425	21	19	13	6	21	24	5	0	0
*	*	3p	-	69	458826	280229	304938	452837	1496830	1778	2280	523	427	219	270	169	206	198	238	162	381	17	19	9	8	26	18	3	5	0
*	*	3p	-	70	422932	254915	282157	421494	1381498	1570	1944	462	407	165	210	185	190	214	285	173	374	15	13	4	6	16	15	9	6	0
*	*	5p	+	1	2203546	1652846	1388279	1874431	7119102	3218	37729	2646	2760	1628	2126	778	1256	1445	2025	1282	1923	0	0	0	0	0	0	0	0	2
*	*	5p	+	2	2101067	1093878	1704329	2240895	7140169	2811	17093	3567	1711	1208	1893	956	1189	1550	1716	612	2057	1	1	0	0	16	19	1	7	2
*	*	5p	+	3	2232722	1339438	1501928	2062351	7136439	2862	13410	2734	1754	902	1461	827	1090	1300	1673	756	2091	8	8	2	4	49	37	11	14	0
*	*	5p	+	4	2209692	1328995	1484877	2108600	7132164	2671	10185	2675	1681	913	1219	772	938	1050	1325	777	2308	23	29	14	11	128	138	35	49	0
*	*	5p	+	5	2225871	1279650	1611281	2018213	7135015	2576	7087	2826	1363	766	1074	759	859	1040	1123	691	2074	112	82	34	31	269	268	62	67	0
*	*	5p	+	6	2206927	1345002	1550846	2124043	7226818	2322	7567	2549	2270	889	1072	921	1025	976	1049	919	1883	120	163	33	38	238	274	52	74	0
*	*	5p	+	7	2150858	1392044	1554056	2129864	7226822	2293	6239	2432	2114	897	904	847	961	956	1054	795	1599	166	190	34	56	243	293	45	60	0
*	*	5p	+	8	2027399	1466909	1447411	2285132	7226851	2163	6422	2237	2245	895	1031	873	878	871	938	945	1824	153	203	44	49	239	250	56	67	0
*	*	5p	+	9	1970878	1443740	1511592	2300670	7226880	2152	6085	2323	2277	923	935	896	809	858	821	1012	1767	189	197	62	74	212	264	54	52	0
*	*	5p	+	10	2026769	1492681	1572215	2135117	7226782	2099	5201	2418	2197	858	873	832	804	891	793	944	1695	223	194	62	82	290	262	59	73	0
*	*	5p	+	11	2063015	1495313	1538761	2129649	7226738	2068	4858	2389	2178	881	907	816	835	907	835	852	1539	256	217	63	54	315	266	65	69	0
*	*	5p	+	12	2060942	1501124	1567067	2097693	7226826	2081	4670	2512	2197	843	865	925	780	1051	858	821	1519	230	246	80	81	276	251	46	67	0
*	*	5p	+	13	2077565	1502662	1565348	2081216	7226791	2179	4574	2411	2279	926	807	883	842	866	828	879	1581	259	233	69	75	303	248	52	74	0
*	*	5p	+	14	2063012	1521339	1572527	2069945	7226823	2180	4406	2245	2245	862	762	909	851	846	797	913	1721	204	205	66	68	266	248	64	65	0
*	*	5p	+	15	2077442	1525924	1568243	2055082	7226691	2581	4310	2440	2086	839	788	815	831	802	768	930	1642	237	215	78	82	351	292	61	72	0
*	*	5p	+	16	2079495	1517744	1569784	2059632	7226655	3097	4202	2447	2246	841	833	925	886	929	814	927	1621	270	208	60	76	339	315	53	83	0
*	*	5p	+	17	2063303	1514250	1581683	2067476	7226712	4193	4143	2419	2141	841	793	891	808	959	842	909	1660	261	242	79	65	322	296	74	60	0
*	*	5p	+	18	2046987	1512607	1615592	2051575	7226761	5777	4014	2285	2348	747	804	857	850	909	880	932	1616	241	249	68	97	273	317	50	64	0
*	*	5p	+	19	2051808	1512731	1620222	2041943	7226704	8224	4003	2319	2278	779	792	892	846	897	847	832	1646	261	273	59	84	314	322	60	62	0
*	*	5p	+	20	2061991	1513687	1627139	2023847	7226664	11535	3969	2317	2185	779	814	830	879	900	804	952	1632	250	296	85	90	332	325	55	91	0
*	*	5p	+	21	2061863	1517964	1605218	2041662	7226707	15074	4012	2318	2302	807	765	812	918	832	813	855	1583	233	268	74	91	321	334	43	64	0
*	*	5p	+	22	2073755	1493702	1593717	2065459	7226633	18786	3880	2330	2248	739	868	814	877	846	829	830	1542	244	304	69	100	337	356	69	72	0
*	*	5p	+	23	2063907	1503877	1596328	2062508	7226620	22975	3905	2258	2267	780	827	842	885	828	840	845	1561	242	293	80	103	357	365	59	68	0
*	*	5p	+	24	2069323	1492029	1620246	2045002	7226600	27533	3793	2186	2181	781	765	804	1005	811	875	862	1564	253	285	61	130	338	378	69	83	0
*	*	5p	+	25	2087240	1491481	1605847	2042037	7226605	31481	3784	2372	2279	825	863	882	983	800	893	863	1548	258	257	76	103	314	361	56	67	0
*	*	5p	+	26	2081259	1491532	1594896	2058729	7226416	35695	3702	2234	2275	763	793	818	1047	809	903	842	1587	235	268	75	104	323	357	61	74	0
*	*	5p	+	27	2077787	1472881	1608163	2067311	7226142	40159	3622	2276	2448	800	824	737	1042	796	939	803	1541	223	259	83	101	292	350	51	72	0
*	*	5p	+	28	2071125	1493208	1600331	2061066	7225730	44497	3702	2158	2401	773	740	900	1041	819	937	893	1520	222	248	78	113	308	329	60	65	0
*	*	5p	+	29	2074887	1488392	1609862	2052063	7225204	49549	3673	2207	2560	830	797	874	1090	834	962	912	1592	218	272	93	133	295	319	63	79	0
*	*	5p	+	30	2100220	1490812	1609947	2023675	7224654	54214	3446	2256	2439	791	878	833	1086	760	907	905	1591	210	232	81	129	271	283	49	52	0
*	*	5p	+	31	2091579	1478568	1596069	2044242	7210458	58767	3517	2226	2595	801	841	791	1125	838	995	899	1429	226	222	87	116	275	305	68	51	0
*	*	5p	+	32	2073409	1476536	1572657	2068169	7190771	63148	3255	2148	2654	857	855	826	1157	774	1082	840	1473	217	233	92	127	294	311	50	82	0
*	*	5p	+	33	2064359	1473703	1568450	2058726	7165238	67116	3421	2106	2751	726	813	885	1220	801	1020	784	1422	219	244	87	113	291	270	58	64	0
*	*	5p	+	34	2047297	1454823	1572598	2057883	7132601	71606	3421	2036	2734	780	820	829	1344	811	1004	902	1474	220	241	68	149	296	275	54	57	0
*	*	5p	+	35	2085714	1434891	1553384	2017166	7091155	75871	3432	2277	2640	856	871	883	1299	860	964	860	1481	206	242	86	128	272	241	46	57	0
*	*	5p	+	36	2063268	1425242	1540491	2010483	7039484	80634	3188	2054	2692	803	788	808	1302	793	1046	825	1413	173	247	106	121	278	223	41	63	0
*	*	5p	+	37	2053779	1405399	1514549	2001684	6975411	84321	3265	2221	2855	801	890	852	1402	910	1118	781	1342	193	207	82	106	287	236	62	68	0
*	*	5p	+	38	2025294	1374978	1508954	1989394	6898620	89132	3048	1912	2861	800	839	891	1430	889	1067	847	1326	198	198	71	124	288	228	60	47	0
*	*	5p	+	39	1994754	1373050	1487052	1952030	6806886	92879	3092	1887	2825	785	780	789	1370	828	1119	791	1312	180	244	72	120	241	241	48	72	0
*	*	5p	+	40	1983679	1333752	1466213	1918982	6702626	97074	2920	1985	2837	824	870	789	1329	769	1071	818	1271	185	202	99	126	250	243	49	54	0
*	*	5p	+	41	1935710	1312445	1420736	1916180	6585071	98878	2998	1901	2988	832	863	737	1433	755	1140	773	1270	169	165	76	121	256	211	49	55	0
*	*	5p	+	42	1905205	1286694	1371082	1892581	6455562	100586	2823	1947	2980	766	879	702	1391	820	1186	708	1260	168	185	81	108	247	184	52	44	0
*	*	5p	+	43	1851607	1258027	1346710	1856653	6312997	103854	2846	1887	2923	767	807	763	1435	834	1198	695	1267	135	186	96	112	217	186	59	61	0
*	*	5p	+	44	1814174	1215569	1322227	1806185	6158155	106132	2701	1889	2879	730	817	778	1450	825	1171	767	1185	138	167	59	102	218	192	61	44	0
*	*	5p	+	45	1790927	1171712	1269145	1759805	5991589	106367	2589	1849	2840	711	884	736	1323	797	1177	716	1226	139	146	80	97	217	184	42	55	0
*	*	5p	+	46	1732133	1130858	1228305	1721364	5812660	107175	2583	1635	2941	749	787	650	1332	773	1165	710	1127	123	159	61	84	211	145	46	47	0
*	*	5p	+	47	1675614	1086533	1192668	1667387	5622202	108316	2485	1542	2762	677	833	669	1375	675	1120	610	1067	104	133	70	81	192	156	36	42	0
*	*	5p	+	48	1625874	1039014	1164853	1591124	5420865	109203	2403	1425	2756	666	733	624	1279	732	1121	692	1025	118	121	56	113	173	155	41	55	0
*	*	5p	+	49	1558826	1009802	1116812	1523390	5208830	108058	2255	1475	2751	638	764	647	1261	606	1063	603	1025	121	119	57	97	183	132	33	28	0
*	*	5p	+	50	1495651	964617	1071164	1458082	4989514	106540	2159	1520	2622	605	751	593	1191	589	1025	579	996	103	129	53	82	165	144	39	30	0
*	*	5p	+	51	1431511	925921	1005254	1404393	4767079	103849	1987	1388	2552	625	638	536	1193	617	988	598	993	102	123	53	97	152	100	32	32	0
*	*	5p	+	52	1366015	873501	952897	1352583	4544996	101377	1913	1283	2461	599	746	555	1108	629	985	537	845	94	115	60	72	132	119	40	36	0
*	*	5p	+	53	1296322	835155	912137	1280644	4324258	98759	1805	1252	2371	523	608	581	1165	559	947	562	846	77	103	53	59	133	93	26	33	0
*	*	5p	+	54	1235129	784080	867506	1219188	4105903	96138	1772	1094	2305	513	619	469	1063	537	904	518	804	84	103	52	57	123	92	29	34	0
*	*	5p	+	55	1184951	739836	818934	1147624	3891345	92578	1618	1149	2148	543	631	448	1023	517	875	471	763	79	78	64	59	113	76	33	25	0
*	*	5p	+	56	1118647	695878	777426	1087551	3679502	89208	1428	1084	2157	450	600	395	953	401	862	422	694	83	76	42	50	125	89	31	21	0
*	*	5p	+	57	1054842	659818	721649	1034103	3470412	85142	1482	980	2040	490	572	396	889	489	841	392	643	60	85	46	41	99	90	26	20	0
*	*	5p	+	58	985572	621887	687528	969640	3264627	82567	1368	987	1948	405	542	396	909	466	775	410	605	72	59	48	52	99	67	27	26	0
*	*	5p	+	59	926568	581512	645114	908103	3061297	78549	1269	844	1917	401	471	381	874	422	715	379	587	55	60	45	43	98	69	22	32	0
*	*	5p	+	60	872516	543886	607850	840734	2864986	75018	1153	888	1674	412	478	371	820	404	708	371	524	53	68	42	46	110	53	23	29	0
*	*	5p	+	61	813752	508277	558895	796152	2677076	70649	1115	867	1679	366	511	316	764	399	706	302	519	57	44	32	47	91	74	23	29	0
*	*	5p	+	62	761143	470711	523788	743366	2499008	66465	979	769	1588	324	421	333	688	389	698	308	424	44	56	23	42	83	57	17	26	0
*	*	5p	+	63	705008	443172	487878	694156	2330214	63540	1033	689	1509	318	431	306	716	316	601	319	475	46	48	34	35	62	30	29	23	0
*	*	5p	+	64	657574	410879	454137	647109	2169699	59112	864	673	1465	315	420	302	628	328	568	296	477	26	46	29	32	47	49	20	24	0
*	*	5p	+	65	619550	377234	421686	598204	2016674	55493	813	621	1300	286	408	268	636	263	531	302	414	37	43	26	28	56	37	19	22	0
*	*	5p	+	66	573808	346797	392342	559478	1872425	51747	731	637	1258	295	352	208	547	276	501	250	411	39	49	17	28	66	45	20	18	0
*	*	5p	+	67	535007	320211	362855	518569	1736642	48543	687	585	1197	272	381	224	520	249	487	192	357	43	38	14	25	52	37	11	12	0
*	*	5p	+	68	492477	298792	340811	475342	1607422	45387	681	551	1088	267	364	218	477	258	455	196	331	29	41	18	26	64	36	20	16	0
*	*	5p	+	69	456540	275181	315306	438538	1485565	41951	644	505	1041	214	295	177	476	277	443	218	295	24	26	19	27	58	37	14	16	0
*	*	5p	+	70	422065	256256	286745	405729	1370795	38411	568	499	885	213	292	211	445	236	420	213	278	27	24	14	15	40	28	13	12	0
*	*	5p	-	1	2220915	1651390	1397408	1866576	7136289	3110	37341	2808	2703	1629	2096	762	1244	1327	1860	1337	1912	0	0	0	0	0	0	0	0	0
*	*	5p	-	2	2122381	1092258	1711584	2232330	7158553	2965	17290	3559	1594	1079	1953	979	1305	1560	1738	626	2009	0	0	0	0	0	0	0	0	0
*	*	5p	-	3	2249323	1338280	1513039	2054083	7154725	2927	13515	2819	1670	961	1426	831	1095	1220	1521	856	2148	0	1	0	0	0	2	2	0	0
*	*	5p	-	4	2229405	1321746	1499266	2100020	7150437	2691	10043	2721	1659	932	1218	732	938	1025	1345	763	2151	0	2	1	2	10	11	1	8	0
*	*	5p	-	5	2245660	1273983	1623776	2009515	7152934	2553	7251	2846	1386	788	1160	788	870	1121	1131	651	2045	11	15	16	29	49	48	26	40	0
*	*	5p	-	6	2223463	1342911	1561356	2117751	7245481	2425	7855	2593	2207	959	1105	922	962	912	1070	959	1866	20	13	33	20	59	53	32	48	0
*	*	5p	-	7	2167625	1389378	1564599	2123877	7245479	2338	6540	2529	2174	845	981	934	934	968	1011	766	1632	30	33	29	31	48	58	48	48	0
*	*	5p	-	8	2043821	1466737	1459386	2275541	7245485	2220	6628	2237	2218	869	993	847	904	888	852	889	1813	51	36	36	36	64	53	42	40	0
*	*	5p	-	9	1987049	1440546	1523350	2294525	7245470	2196	6105	2314	2358	970	925	958	822	894	858	1004	1769	49	37	43	45	52	79	41	41	0
*	*	5p	-	10	2046522	1489530	1582855	2126581	7245488	2232	5328	2459	2084	875	947	941	840	851	756	938	1641	62	63	45	42	64	66	34	32	0
*	*	5p	-	11	2081387	1494329	1547585	2122111	7245412	2071	4955	2548	2305	887	941	879	804	891	850	927	1576	59	82	40	42	89	77	45	57	0
*	*	5p	-	12	2080423	1498650	1576541	2089800	7245414	2137	4601	2539	2336	880	858	988	813	976	813	875	1662	69	85	46	58	93	82	42	53	0
*	*	5p	-	13	2093122	1501243	1574695	2076340	7245400	2196	4534	2421	2316	829	872	946	845	887	831	912	1659	77	101	63	65	85	117	38	42	0
*	*	5p	-	14	2081907	1517309	1583686	2062437	7245339	2318	4435	2354	2224	822	849	902	835	881	809	915	1571	94	87	65	60	107	129	54	56	0
*	*	5p	-	15	2094537	1523581	1581097	2046099	7245314	2622	4395	2391	2181	842	854	855	778	850	830	923	1666	115	135	61	69	137	129	50	51	0
*	*	5p	-	16	2097024	1514641	1578902	2054688	7245255	3140	4258	2606	2228	901	875	958	870	954	856	877	1669	121	136	46	62	134	150	62	59	0
*	*	5p	-	17	2080059	1511596	1593827	2059775	7245257	4129	4212	2409	2211	818	797	968	792	926	875	843	1653	133	144	68	50	159	176	44	45	0
*	*	5p	-	18	2064115	1509510	1627051	2044494	7245170	5930	4121	2330	2217	743	821	917	843	819	805	941	1668	128	159	47	71	199	198	53	62	0
*	*	5p	-	19	2071745	1508822	1630196	2034411	7245174	8607	4163	2349	2285	788	788	927	859	886	804	869	1644	145	155	74	62	197	196	59	47	0
*	*	5p	-	20	2078893	1511837	1636781	2017616	7245127	11806	3877	2441	2140	849	874	896	838	864	760	971	1569	159	154	58	90	218	224	54	63	0
*	*	5p	-	21	2078090	1512618	1617072	2037325	7245105	14975	3977	2316	2247	804	827	870	898	820	857	851	1579	161	195	55	93	241	211	57	70	0
*	*	5p	-	22	2091920	1494258	1600193	2058754	7245125	18988	4003	2356	2251	815	818	808	865	785	810	892	1553	174	159	59	77	228	209	57	60	0
*	*	5p	-	23	2080672	1500818	1605927	2057682	7245099	23441	3886	2274	2273	765	812	829	963	820	813	877	1606	190	183	66	65	258	214	48	65	0
*	*	5p	-	24	2083517	1490865	1630967	2039740	7245089	27621	3818	2247	2236	746	771	845	977	812	907	849	1651	200	173	69	90	246	222	54	71	0
*	*	5p	-	25	2106331	1488781	1614452	2035436	7245000	31781	3789	2335	2278	798	785	885	987	833	867	849	1564	204	175	68	94	272	244	50	58	0
*	*	5p	-	26	2097934	1488909	1602903	2055070	7244816	35919	3744	2311	2349	833	860	783	981	757	939	855	1544	225	211	67	83	263	254	55	54	0
*	*	5p	-	27	2095570	1471818	1614729	2062356	7244473	40580	3652	2240	2439	866	852	824	963	887	911	854	1587	220	207	67	107	294	244	43	60	0
*	*	5p	-	28	2087912	1488558	1612805	2054749	7244024	44716	3704	2159	2346	787	830	904	1080	899	916	934	1528	252	204	62	105	324	262	51	71	0
*	*	5p	-	29	2090976	1485549	1623135	2043866	7243526	49711	3747	2175	2492	755	826	931	1048	893	888	871	1615	260	232	75	102	319	254	64	63	0
*	*	5p	-	30	2116453	1487491	1619445	2019452	7242841	54948	3499	2285	2443	845	885	826	1134	801	921	873	1520	236	230	84	114	294	275	52	65	0
*	*	5p	-	31	2103492	1479043	1607487	2038791	7228813	59643	3521	2196	2596	781	818	798	1185	803	1041	824	1471	282	222	80	132	300	286	67	62	0
*	*	5p	-	32	2089053	1474471	1582377	2063243	7209144	63177	3429	2230	2586	860	861	804	1193	831	998	877	1483	275	241	79	118	331	287	46	71	0
*	*	5p	-	33	2079862	1473168	1578945	2051778	7183753	67032	3511	2124	2662	769	756	826	1254	801	1019	760	1531	284	213	66	115	312	298	45	75	0
*	*	5p	-	34	2063418	1452247	1584283	2051247	7151195	71900	3472	2061	2788	775	820	820	1308	911	1053	855	1421	244	264	98	123	353	300	57	70	0
*	*	5p	-	35	2102063	1430478	1563562	2013380	7109483	76751	3343	2223	2639	819	790	921	1271	890	1024	840	1440	249	267	88	132	380	287	52	74	0
*	*	5p	-	36	2080890	1421862	1551842	2003054	7057648	80592	3170	2119	2767	811	862	723	1284	835	1112	871	1415	244	256	90	116	391	290	53	74	0
*	*	5p	-	37	2073270	1399812	1525626	1995397	6994105	84523	3197	2169	2839	821	858	854	1330	888	1126	770	1367	271	269	81	125	355	308	49	76	0
*	*	5p	-	38	2042163	1374224	1518906	1981755	6917048	89437	3235	2003	2938	764	856	819	1392	784	1132	823	1420	280	280	83	132	329	336	58	57	0
*	*	5p	-	39	2013040	1370092	1496162	1945745	6825039	92900	3081	2009	2876	790	861	778	1417	819	1166	801	1403	253	272	92	156	355	326	64	77	0
*	*	5p	-	40	1998738	1332401	1478822	1910816	6720777	97383	2969	2024	2791	812	878	807	1384	747	1074	811	1340	251	266	91	127	360	327	53	74	0
*	*	5p	-	41	1953855	1313344	1428667	1907708	6603574	99422	3041	1912	2944	766	913	778	1414	771	1181	719	1333	246	297	100	141	347	322	67	70	0
*	*	5p	-	42	1919991	1286982	1379745	1887469	6474187	100811	2777	1936	3109	782	944	731	1433	740	1179	719	1222	257	249	95	137	365	333	64	69	0
*	*	5p	-	43	1868586	1255344	1355965	1852021	6331916	104104	2925	1802	2939	770	837	744	1427	758	1179	747	1236	235	272	95	98	358	323	56	56	0
*	*	5p	-	44	1833317	1209942	1333698	1800671	6177628	106935	2733	1876	2971	771	842	769	1413	847	1200	783	1229	228	290	60	132	308	316	68	61	0
*	*	5p	-	45	1804576	1171296	1278986	1756025	6010883	107352	2639	1747	2813	769	913	743	1407	736	1087	729	1154	238	272	74	154	277	296	59	64	0
*	*	5p	-	46	1749932	1128666	1236323	1717181	5832102	108022	2504	1706	2866	717	822	649	1421	689	1154	712	1163	229	233	84	106	255	305	53	59	0
*	*	5p	-	47	1692251	1085602	1201902	1661917	5641672	108697	2414	1627	2773	702	835	658	1342	690	1114	639	1043	221	238	73	112	261	266	41	44	0
*	*	5p	-	48	1641327	1036524	1176656	1586099	5440606	110183	2316	1580	2788	679	796	668	1346	706	1148	689	1069	223	220	66	127	292	258	58	58	0
*	*	5p	-	49	1575299	1006902	1126957	1518369	5227527	109158	2205	1505	2593	631	659	682	1312	663	1024	653	984	171	228	71	117	279	256	43	49	0
*	*	5p	-	50	1511130	961921	1081635	1452874	5007560	107604	2167	1427	2599	627	772	595	1263	622	1103	615	881	200	201	85	108	253	250	32	57	0
*	*	5p	-	51	1447455	924323	1011474	1401345	4784597	104151	2051	1394	2598	647	733	523	1227	622	1036	562	867	181	201	78	106	273	223	46	44	0
*	*	5p	-	52	1380715	872664	959952	1349192	4562523	101930	1932	1331	2547	563	753	559	1160	594	973	509	851	152	219	53	101	229	203	34	46	0
*	*	5p	-	53	1307445	831611	923601	1279025	4341682	99606	1835	1287	2422	564	599	548	1098	561	956	545	847	165	170	53	90	234	179	24	49	0
*	*	5p	-	54	1246656	783570	878075	1214896	4123197	97359	1727	1251	2235	541	638	451	1062	542	891	542	793	141	164	53	74	243	206	34	41	0
*	*	5p	-	55	1200116	738849	825310	1144514	3908789	92831	1625	1194	2179	546	645	486	1054	515	870	488	785	109	153	63	95	212	190	53	52	0
*	*	5p	-	56	1132125	693523	784525	1087037	3697210	90346	1420	1089	2077	481	658	436	964	520	829	428	678	133	172	54	81	206	188	33	38	0
*	*	5p	-	57	1069395	656617	729139	1031256	3486407	85745	1410	1008	2080	444	567	410	938	489	801	387	614	132	156	59	78	198	185	37	34	0
*	*	5p	-	58	997932	620302	696944	965356	3280534	83162	1359	944	1927	455	556	412	887	437	770	392	672	111	132	59	82	179	157	34	41	0
*	*	5p	-	59	937954	580494	651945	907350	3077743	79786	1280	938	1820	383	501	408	926	392	684	371	607	118	134	43	83	162	157	44	43	0
*	*	5p	-	60	884176	541935	616461	838691	2881263	76388	1172	885	1695	394	458	351	824	410	683	389	600	119	129	45	59	182	145	26	42	0
*	*	5p	-	61	826790	507323	564305	794311	2692729	70963	1124	835	1676	362	466	361	750	393	679	333	481	101	102	37	67	140	137	33	30	0
*	*	5p	-	62	774276	470402	529940	739450	2514068	67629	1017	762	1597	345	462	303	712	361	659	346	506	82	121	34	55	129	126	27	37	0
*	*	5p	-	63	716070	442094	494438	691929	2344531	64121	990	767	1456	302	490	336	679	351	634	299	510	84	105	50	56	140	100	24	21	0
*	*	5p	-	64	667369	410378	460181	646449	2184377	60835	910	683	1394	311	412	282	660	310	617	322	474	73	111	41	40	131	109	26	21	0
*	*	5p	-	65	627908	377462	429326	596452	2031148	56878	852	658	1309	298	433	272	626	312	527	285	404	62	76	23	47	117	107	22	31	0
*	*	5p	-	66	582919	346267	397852	558558	1885596	52772	750	623	1224	274	360	222	588	275	544	267	409	66	79	34	42	140	85	29	25	0
*	*	5p	-	67	542333	320195	368369	518008	1748905	49220	672	574	1194	258	373	201	553	279	507	204	374	52	75	9	31	131	73	30	25	0
*	*	5p	-	68	500474	297508	344967	476172	1619121	46091	656	544	1060	250	326	203	455	237	419	214	334	51	56	28	35	116	81	23	24	0
*	*	5p	-	69	462081	275461	320973	437759	1496274	43005	577	482	1022	226	294	198	451	269	421	219	336	50	58	11	28	86	65	11	19	0
*	*	5p	-	70	430006	255425	292354	403151	1380936	39563	573	478	942	225	314	194	436	222	395	196	274	48	50	17	24	83	56	12	18	0
