Sample	Library	End	Std	Pos	A	C	G	T	Total	G>A	C>T	A>G	T>C	A>C	A>T	C>G	C>A	T>G	T>A	G>C	G>T	A>-	T>-	C>-	G>-	->A	->T	->C	->G	S
*	*	3p	+	1	2552172	1531747	2771929	2463610	9319458	636427	4088	5387	8968	1896	3197	2294	5198	2907	5629	1368	2325	0	0	0	0	0	0	0	0	10
*	*	3p	+	2	3178464	1795996	1739359	2605622	9319441	340507	4826	3149	7254	2077	2894	1167	4798	1824	4841	1520	2551	2	2	2	3	3	3	2	3	9
*	*	3p	+	3	2741519	1708331	2092398	2777232	9319480	315653	4367	3423	5843	1658	2690	1485	4449	1825	3568	1541	2656	9	7	5	4	10	8	2	3	8
*	*	3p	+	4	2796458	1713848	2008307	2800950	9319563	253018	4150	3361	5131	1488	2141	1359	4557	1764	2973	1441	2322	8	17	2	5	17	24	11	7	3
*	*	3p	+	5	2645843	1924347	1890352	2858870	9319412	196277	3877	2968	5496	1644	1951	1233	3565	1556	2818	1470	2327	13	7	8	16	46	41	21	32	0
*	*	3p	+	6	2764731	1855748	1888376	2810171	9319026	170742	3585	3248	4723	1330	1713	1299	3305	1395	2478	1286	2265	17	18	22	25	198	124	88	103	0
*	*	3p	+	7	2780938	1857566	1952580	2727818	9318902	159034	3350	2939	4300	1218	1532	1157	2507	1291	2071	1197	2108	64	82	73	86	269	172	117	107	0
*	*	3p	+	8	2973276	1724316	2058154	2563007	9318753	149160	3304	2908	3749	1042	1188	1201	2579	1347	2087	1171	2118	87	122	119	104	360	195	111	141	0
*	*	3p	+	9	3009265	1803016	2003738	2502811	9318830	127041	3080	2986	3747	1238	1097	1230	2484	1164	1755	1200	1844	95	129	139	131	314	167	111	133	0
*	*	3p	+	10	2779536	1883037	2059577	2596825	9318975	112291	3171	2751	3848	977	1017	1261	1988	1155	1776	1183	1862	105	151	178	120	285	188	100	110	0
*	*	3p	+	11	2783371	1848759	2049366	2637604	9319100	99141	2970	2939	3523	1010	1136	1065	1969	1158	1570	1091	1767	105	164	174	139	241	140	82	94	0
*	*	3p	+	12	2737604	1894009	2038394	2649097	9319104	87510	3066	2782	3344	1120	1099	1050	1798	1146	1517	1036	1769	148	129	155	145	182	135	61	81	0
*	*	3p	+	13	2707745	1894519	2050633	2666209	9319106	80176	3040	2824	3297	919	1022	1106	1745	1115	1382	1183	1871	160	160	137	151	217	143	59	70	0
*	*	3p	+	14	2683375	1910839	2084585	2640347	9319146	76040	3125	2820	3186	958	987	1155	1783	1054	1325	1174	1916	144	174	131	154	224	152	50	85	0
*	*	3p	+	15	2661711	1893148	2090848	2673389	9319096	70596	3216	2814	3231	951	997	1140	1734	1218	1468	1089	1793	166	205	148	158	254	181	47	78	0
*	*	3p	+	16	2686032	1897487	2068444	2667061	9319024	67797	3150	2835	3180	938	980	1073	1666	1167	1336	1095	1786	217	226	144	172	242	172	64	80	0
*	*	3p	+	17	2694542	1924676	2057206	2642585	9319009	66847	3028	2837	3124	922	1049	1030	1640	1076	1264	1001	1802	204	224	153	150	297	224	62	59	0
*	*	3p	+	18	2658911	1954648	2073011	2632321	9318891	64475	3243	2778	3015	1007	986	1131	1606	1043	1302	1094	1891	211	247	127	155	308	263	62	67	0
*	*	3p	+	19	2641810	1955095	2076876	2645106	9318887	63756	3376	2795	3066	944	975	1079	1534	1107	1271	1092	1897	254	278	140	173	343	292	62	70	0
*	*	3p	+	20	2628784	1960240	2072967	2656843	9318834	62721	3397	2681	3100	907	919	1070	1634	1115	1357	1026	2021	246	292	126	145	360	310	65	84	0
*	*	3p	+	21	2664848	1940981	2067544	2645433	9318806	61839	3405	2751	2985	965	1001	1053	1527	1092	1329	1074	1949	247	300	124	139	371	329	82	69	0
*	*	3p	+	22	2705274	1917281	2033939	2662331	9318825	60413	3549	2697	2962	1022	1021	1021	1550	1046	1257	978	1901	276	337	126	146	344	338	59	83	0
*	*	3p	+	23	2688106	1920012	2058902	2651807	9318827	59653	3673	2807	2905	926	948	1048	1528	920	1263	1069	2037	249	319	102	176	348	340	63	74	0
*	*	3p	+	24	2670260	1953607	2040597	2654297	9318761	57480	3853	2671	2950	918	964	1095	1538	1079	1177	1027	2042	255	319	135	155	386	373	67	69	0
*	*	3p	+	25	2672041	1930576	2035396	2680754	9318767	54792	3841	2607	3003	874	949	1028	1511	1130	1263	1060	2049	247	313	142	160	342	382	86	77	0
*	*	3p	+	26	2715748	1907399	2041051	2654474	9318672	52987	3861	2785	2850	956	1003	1050	1424	1038	1263	952	1992	258	353	109	153	401	432	63	89	0
*	*	3p	+	27	2727430	1930118	2003860	2657264	9318672	49390	4000	2717	2889	1000	1001	1027	1397	987	1170	980	1928	331	357	140	167	391	428	83	78	0
*	*	3p	+	28	2706013	1918143	2046507	2648001	9318664	47854	4059	2694	2811	887	967	1085	1419	1030	1103	1163	2179	305	376	138	134	429	426	64	70	0
*	*	3p	+	29	2680255	1934510	2037709	2666172	9318646	45097	4197	2685	2862	955	1008	1058	1469	1049	1166	1080	2137	325	405	117	137	424	428	70	86	0
*	*	3p	+	30	2646308	1940536	2021196	2710591	9318631	42445	4503	2635	2931	947	938	1020	1375	1146	1323	1037	2074	324	388	97	143	419	450	74	81	0
*	*	3p	+	31	2689254	1930099	2010984	2671436	9301773	39580	4618	2843	2986	1110	987	1057	1349	1041	1165	1193	2101	359	389	124	135	438	448	79	91	0
*	*	3p	+	32	2726020	1893944	2010061	2647701	9277726	36703	4701	2836	2735	1019	1048	1019	1260	1024	1151	964	2022	336	394	124	149	455	445	78	92	0
*	*	3p	+	33	2691047	1895367	2015488	2644300	9246202	35138	4961	2776	2842	1002	1002	1010	1221	983	1049	1078	2141	336	425	123	150	423	441	57	69	0
*	*	3p	+	34	2691225	1899714	1985011	2630304	9206254	32659	5094	2762	2697	1048	1093	1047	1300	1081	1010	1069	2240	361	426	148	170	459	441	57	80	0
*	*	3p	+	35	2636315	1871897	1951786	2694680	9154678	30165	5440	2612	2859	990	990	958	1253	1074	1215	1036	2211	355	436	131	141	447	446	72	94	0
*	*	3p	+	36	2635828	1856898	1939793	2657832	9090351	27807	5622	2796	2768	991	1116	1039	1207	1145	1098	984	2170	350	404	136	161	453	476	82	82	0
*	*	3p	+	37	2631861	1826049	1907493	2645045	9010448	25987	5826	2852	2649	1056	1106	916	1192	1007	1149	1000	1996	362	425	113	162	448	459	85	93	0
*	*	3p	+	38	2605495	1822596	1870658	2615394	8914143	24008	6156	2711	2576	964	1042	1036	1249	1044	1070	1102	2129	385	413	123	171	446	470	70	92	0
*	*	3p	+	39	2549224	1799535	1875000	2574290	8798049	22712	6506	2623	2564	1014	1056	1014	1149	1017	1025	990	2174	361	414	120	140	433	461	93	84	0
*	*	3p	+	40	2510327	1768015	1813135	2576069	8667546	20747	6518	2639	2695	974	985	992	1254	1051	1213	1003	2025	397	373	110	172	456	465	70	73	0
*	*	3p	+	41	2526763	1713364	1784169	2497369	8521665	19457	6896	2793	2589	1006	1067	903	1181	1038	1122	977	2015	351	382	107	157	399	450	63	66	0
*	*	3p	+	42	2488144	1658430	1748196	2464345	8359115	18062	7112	2633	2606	977	1101	923	1125	1003	1134	963	2037	323	336	115	118	401	454	75	70	0
*	*	3p	+	43	2435819	1623791	1716668	2404537	8180815	17357	7328	2710	2398	925	1033	966	1153	992	1068	959	2133	316	349	103	133	405	394	61	96	0
*	*	3p	+	44	2366658	1599764	1656692	2363276	7986390	15826	7689	2498	2337	947	1056	942	1146	936	1134	968	2076	323	304	100	137	399	390	67	61	0
*	*	3p	+	45	2311900	1529343	1599415	2335246	7775904	14353	7716	2470	2616	1021	1044	841	1120	1009	1160	952	2011	315	321	98	113	368	349	61	69	0
*	*	3p	+	46	2270245	1481046	1542406	2256151	7549848	13353	7750	2374	2328	954	1065	824	1034	928	1076	883	1955	322	302	89	107	354	364	53	63	0
*	*	3p	+	47	2197396	1442581	1483155	2185034	7308166	12280	7913	2359	2200	863	1061	815	1046	861	1022	828	1854	278	291	81	92	338	343	54	79	0
*	*	3p	+	48	2083934	1413393	1424611	2129612	7051550	11521	8221	2231	2203	935	1028	857	1022	884	979	876	1829	269	271	117	106	355	330	61	84	0
*	*	3p	+	49	2001460	1348156	1390457	2037421	6777494	10657	8303	2178	2101	863	923	844	989	849	960	795	1883	247	274	77	102	344	329	57	72	0
*	*	3p	+	50	1917766	1291748	1327001	1957517	6494032	10008	8278	2061	2097	736	963	760	879	810	1049	837	1724	248	235	87	95	317	351	46	39	0
*	*	3p	+	51	1855421	1207655	1271754	1872974	6207804	9240	8005	2120	1922	816	1025	686	876	810	924	685	1626	264	222	75	77	315	281	40	63	0
*	*	3p	+	52	1794547	1146305	1198037	1783134	5922023	8426	7737	1859	1839	763	940	643	805	682	928	659	1580	234	229	66	86	309	251	42	62	0
*	*	3p	+	53	1689456	1103386	1151257	1694547	5638646	8020	7730	1855	1864	797	859	667	864	700	837	714	1586	199	202	85	84	248	267	47	51	0
*	*	3p	+	54	1601339	1050820	1086453	1620121	5358733	7247	7681	1782	1714	722	773	666	808	718	791	650	1450	186	187	63	76	217	247	40	55	0
*	*	3p	+	55	1514385	988438	1018182	1561353	5082358	6830	7607	1597	1654	693	767	573	698	650	836	654	1414	185	166	52	53	227	258	47	46	0
*	*	3p	+	56	1443206	942757	960425	1463643	4810031	6322	7401	1697	1554	643	803	555	663	665	757	640	1342	182	155	53	55	184	192	27	43	0
*	*	3p	+	57	1380481	868927	906254	1383861	4539523	5790	6913	1620	1424	615	746	537	635	558	753	536	1306	149	146	45	48	179	188	32	35	0
*	*	3p	+	58	1286006	832605	864159	1291842	4274612	5501	6981	1389	1377	586	739	523	645	535	643	604	1302	127	134	39	50	150	165	26	28	0
*	*	3p	+	59	1206011	781226	810973	1218019	4016229	5143	6633	1440	1347	561	655	521	611	518	667	530	1166	134	117	27	41	166	174	25	18	0
*	*	3p	+	60	1118643	738629	753752	1155688	3766712	4820	6446	1238	1356	476	602	461	552	517	674	493	1050	97	112	47	36	149	169	23	15	0
*	*	3p	+	61	1062364	678602	708133	1078200	3527299	4394	5944	1215	1197	534	562	461	536	479	610	523	1012	103	111	34	35	95	132	22	13	0
*	*	3p	+	62	998015	638274	656674	1007444	3300407	4027	5713	1149	1074	456	566	388	517	435	582	408	975	83	93	33	40	128	135	17	22	0
*	*	3p	+	63	927866	593811	624473	939136	3085286	3858	5230	1013	972	400	498	406	451	415	537	424	937	75	87	22	44	99	116	26	14	0
*	*	3p	+	64	871001	552401	580844	878324	2882570	3668	5272	1001	929	428	492	402	495	398	494	390	860	86	89	19	38	100	102	14	21	0
*	*	3p	+	65	807243	518217	532949	832285	2690694	3232	5013	932	1012	388	450	368	412	370	522	311	753	92	76	25	39	110	109	18	19	0
*	*	3p	+	66	761941	483527	491109	772742	2509319	3011	4668	863	824	377	445	325	367	354	448	266	749	49	61	20	30	100	97	10	16	0
*	*	3p	+	67	710846	448254	455873	722698	2337671	2820	4394	814	815	355	435	249	360	334	416	283	677	50	74	14	17	84	98	16	15	0
*	*	3p	+	68	654563	420823	431217	668960	2175563	2687	4130	795	766	264	388	259	334	308	360	264	619	57	61	17	29	83	86	12	6	0
*	*	3p	+	69	605138	394497	399425	622801	2021861	2471	3839	681	652	282	397	226	356	309	356	283	664	57	59	23	28	64	71	11	12	0
*	*	3p	+	70	562838	359976	371925	583013	1877752	2173	3585	677	680	252	326	239	263	287	332	253	543	49	51	16	29	54	76	11	16	0
*	*	3p	-	1	2560796	1530133	2764091	2456729	9311749	635022	4170	5206	9011	1866	3056	2406	5338	2920	5888	1418	2319	0	0	0	0	0	0	0	0	26
*	*	3p	-	2	3183379	1799457	1736978	2591800	9311614	340758	4856	2969	7217	1986	2879	1218	4792	1777	4950	1591	2424	2	1	2	6	49	37	18	16	25
*	*	3p	-	3	2746980	1708837	2087732	2768010	9311559	313657	4375	3415	5729	1679	2722	1501	4542	1697	3308	1497	2659	6	13	17	22	86	79	26	44	15
*	*	3p	-	4	2803321	1712898	2006920	2788171	9311310	253975	4110	3448	5128	1506	2201	1334	4717	1684	2955	1366	2296	19	31	17	34	262	200	60	60	3
*	*	3p	-	5	2651215	1922426	1888902	2848229	9310772	196024	3836	3164	5362	1489	1932	1267	3560	1594	2731	1485	2323	89	120	30	72	452	432	99	88	0
*	*	3p	-	6	2768397	1855253	1886079	2800786	9310515	170192	3520	3101	4695	1417	1642	1255	3121	1380	2427	1205	2246	210	174	74	115	603	454	141	130	0
*	*	3p	-	7	2787113	1855439	1953138	2714768	9310458	158402	3312	3037	4320	1196	1534	1079	2597	1250	2193	1176	2134	275	293	124	169	637	482	127	137	0
*	*	3p	-	8	2981091	1723526	2053416	2552422	9310455	149284	3152	2872	3766	1078	1256	1156	2670	1330	2059	1141	2111	330	300	150	162	696	460	127	128	0
*	*	3p	-	9	3014825	1803450	2001201	2491103	9310579	127285	3205	2814	3807	1164	1076	1216	2502	1233	1814	1223	1835	365	359	164	199	584	434	103	140	0
*	*	3p	-	10	2788353	1883225	2053214	2585820	9310612	112224	3241	2727	3771	971	1030	1211	2202	1201	1730	1136	1866	322	512	174	203	509	586	108	123	0
*	*	3p	-	11	2792187	1846550	2043870	2628077	9310684	98608	3041	2927	3484	1002	1106	1121	1996	1155	1648	1069	1803	343	513	157	209	507	570	84	94	0
*	*	3p	-	12	2740298	1895486	2039900	2635057	9310741	87599	3204	2892	3421	1053	1054	1056	1895	1131	1467	1023	1737	378	477	163	207	485	444	94	101	0
*	*	3p	-	13	2714825	1892342	2045264	2658346	9310777	79936	3113	2793	3384	999	1060	1055	1767	1158	1410	1195	1779	395	449	170	223	421	489	82	88	0
*	*	3p	-	14	2690441	1910503	2078752	2631271	9310967	75451	3127	2779	3099	948	948	1136	1886	1059	1358	1108	1896	369	414	160	191	425	367	74	104	0
*	*	3p	-	15	2668456	1894088	2086508	2661818	9310870	70842	3169	2870	3302	997	989	1076	1726	1100	1440	969	1741	345	482	165	164	418	483	74	91	0
*	*	3p	-	16	2688247	1896775	2065323	2660465	9310810	67102	3157	2923	3218	949	1089	1148	1713	1090	1350	1084	1797	374	482	164	187	424	467	62	101	0
*	*	3p	-	17	2699768	1921136	2057067	2632894	9310865	66207	2983	2760	3048	957	1005	1008	1579	1091	1287	965	1773	326	427	154	180	458	441	72	102	0
*	*	3p	-	18	2663593	1953235	2070951	2623011	9310790	64647	3358	2737	3002	1057	982	1088	1612	1060	1279	1111	1876	398	386	163	165	450	450	94	86	0
*	*	3p	-	19	2647975	1956515	2071005	2635348	9310843	63072	3255	2824	3117	927	961	1100	1624	1054	1151	1063	1889	404	402	145	181	509	415	71	99	0
*	*	3p	-	20	2632382	1962353	2073072	2643026	9310833	63109	3386	2719	2987	907	908	1107	1618	1119	1308	1067	1927	374	404	158	160	464	458	78	105	0
*	*	3p	-	21	2666198	1935707	2069582	2639288	9310775	61804	3423	2820	2978	960	1037	1006	1493	1054	1372	995	1936	371	435	129	167	509	479	78	95	0
*	*	3p	-	22	2710308	1915779	2032770	2652024	9310881	60185	3632	2718	3128	985	1098	1095	1520	1046	1278	977	1932	403	419	135	166	502	389	79	84	0
*	*	3p	-	23	2698418	1919886	2050866	2641599	9310769	59002	3716	2679	2907	945	930	1109	1592	1032	1096	1081	2011	410	393	106	158	495	526	68	82	0
*	*	3p	-	24	2672940	1951607	2038158	2648075	9310780	56862	3935	2594	2978	979	951	1095	1475	1062	1105	977	2078	382	395	126	142	503	491	77	81	0
*	*	3p	-	25	2676017	1931611	2032741	2670421	9310790	55055	4086	2606	3006	875	908	1018	1511	1072	1227	1044	2005	374	370	101	146	488	491	82	88	0
*	*	3p	-	26	2716829	1904804	2041690	2647596	9310919	52794	3947	2783	2933	917	1044	1077	1428	1035	1225	969	2029	362	361	119	138	477	382	78	80	0
*	*	3p	-	27	2728021	1929973	2004718	2648209	9310921	49879	3929	2673	2925	954	1019	1024	1360	1005	1148	970	1935	357	334	112	157	453	396	91	74	0
*	*	3p	-	28	2712736	1917286	2043209	2637707	9310938	47712	4086	2650	2788	978	960	1030	1315	979	1139	1046	2053	362	333	147	160	424	398	89	89	0
*	*	3p	-	29	2683467	1932950	2037085	2657469	9310971	45468	4285	2770	2821	989	1037	1027	1372	1020	1174	1084	2105	334	336	143	180	400	411	80	78	0
*	*	3p	-	30	2652420	1934085	2023847	2700602	9310954	42220	4652	2749	3011	967	999	1098	1429	1114	1302	1000	2093	350	349	130	145	416	392	80	92	0
*	*	3p	-	31	2693185	1923573	2009926	2667328	9294012	39635	4577	2735	3018	1043	983	1054	1319	1119	1143	1100	1922	385	312	134	163	429	350	77	99	0
*	*	3p	-	32	2728424	1891217	2009464	2640874	9269979	36801	4677	2927	2739	1051	1038	1013	1309	1049	1148	1037	2089	327	277	143	138	373	368	70	67	0
*	*	3p	-	33	2698990	1895390	2009254	2635235	9238869	34755	4876	2791	2790	981	990	1073	1269	963	1093	1082	2188	305	303	143	150	379	349	66	82	0
*	*	3p	-	34	2694503	1898521	1985016	2620997	9199037	32570	5137	2693	2736	1038	1021	1113	1242	1021	1056	1035	2224	304	310	120	138	341	335	87	71	0
*	*	3p	-	35	2644600	1874745	1946975	2681557	9147877	29620	5482	2684	2872	1012	920	1049	1358	1041	1169	1002	2213	264	304	127	156	337	365	96	83	0
*	*	3p	-	36	2640960	1856159	1939396	2647446	9083961	28248	5594	2782	2743	994	1064	1069	1217	1086	1084	1023	2169	277	307	99	142	310	362	72	74	0
*	*	3p	-	37	2634782	1824086	1906324	2638972	9004164	25715	5900	2850	2727	1087	1095	955	1216	1014	1062	1031	2204	248	261	93	178	332	328	55	69	0
*	*	3p	-	38	2614347	1823483	1867438	2602561	8907829	24208	6092	2703	2649	1046	1022	1010	1259	1032	1032	1011	2121	265	260	101	103	304	275	70	73	0
*	*	3p	-	39	2555170	1800674	1873456	2562523	8791823	23000	6542	2608	2588	952	1075	1041	1193	1054	1023	1054	2191	270	229	99	140	292	283	65	57	0
*	*	3p	-	40	2519326	1767951	1811939	2561897	8661113	20814	6594	2523	2662	973	975	1054	1272	1034	1212	1043	2061	236	240	78	117	295	277	67	68	0
*	*	3p	-	41	2532400	1711367	1781634	2489817	8515218	19759	6675	2783	2571	1024	1098	940	1124	1000	1184	972	1996	237	231	94	119	257	257	69	71	0
*	*	3p	-	42	2490407	1654902	1746716	2460832	8352857	18021	7210	2550	2602	1045	1043	888	1107	979	1161	909	1986	228	196	82	123	234	286	58	59	0
*	*	3p	-	43	2441774	1623173	1713920	2395515	8174382	17103	7362	2571	2434	997	1079	962	1130	964	1082	1008	2061	208	206	84	111	247	244	55	72	0
*	*	3p	-	44	2372249	1595526	1659076	2354099	7980950	15706	7719	2583	2390	973	1074	953	1118	970	1045	929	2020	188	166	87	114	209	237	64	54	0
*	*	3p	-	45	2319789	1529522	1596193	2325226	7770730	14308	7906	2380	2405	1034	998	877	1008	925	1129	935	1896	190	189	80	113	208	199	46	68	0
*	*	3p	-	46	2275788	1480900	1542216	2246148	7545052	13480	7930	2404	2316	934	1112	864	1081	854	1047	855	1942	160	164	97	102	200	201	49	33	0
*	*	3p	-	47	2202207	1441511	1480731	2179530	7303979	12374	7872	2304	2196	932	1092	841	1017	891	1033	797	1781	168	136	80	108	204	177	41	48	0
*	*	3p	-	48	2093169	1412255	1421393	2120566	7047383	11606	8189	2224	2219	864	1085	890	1005	838	985	897	1900	148	134	58	70	161	185	47	54	0
*	*	3p	-	49	2005920	1347358	1389711	2031553	6774542	10953	8341	2155	1999	888	970	832	954	818	926	871	1876	140	142	62	77	141	155	47	49	0
*	*	3p	-	50	1922756	1296044	1327448	1946624	6492872	10072	8250	2035	2142	858	941	802	900	868	1011	751	1724	96	127	78	81	141	147	40	34	0
*	*	3p	-	51	1860050	1208051	1272104	1865195	6205400	9299	8105	2061	1971	821	1000	749	926	816	973	728	1664	121	108	67	62	124	140	33	41	0
*	*	3p	-	52	1797372	1145884	1198786	1778558	5920600	8508	7856	1860	1960	805	899	641	830	768	860	727	1591	104	94	64	93	137	135	23	26	0
*	*	3p	-	53	1696682	1104087	1148603	1687266	5636638	7926	7827	1883	1770	757	887	668	822	674	815	734	1501	99	110	56	81	115	117	25	24	0
*	*	3p	-	54	1608746	1050506	1084785	1612395	5356432	7533	7575	1752	1671	708	752	642	757	661	836	660	1470	85	108	74	66	112	134	25	34	0
*	*	3p	-	55	1519894	987247	1020574	1553260	5080975	6835	7496	1568	1596	665	813	635	771	653	812	587	1398	94	100	57	44	98	129	25	27	0
*	*	3p	-	56	1448640	942012	960800	1457680	4809132	6307	7302	1647	1659	700	799	588	706	619	760	551	1301	69	90	33	56	103	102	32	31	0
*	*	3p	-	57	1381051	869318	908812	1380139	4539320	6026	6910	1651	1407	610	744	571	598	620	728	524	1282	98	66	34	41	96	74	20	24	0
*	*	3p	-	58	1292343	831365	862798	1288800	4275306	5420	6899	1482	1334	577	772	549	652	553	737	580	1262	72	56	32	34	79	85	17	22	0
*	*	3p	-	59	1213341	781377	810268	1212875	4017861	5237	6616	1442	1279	662	617	499	610	521	627	561	1201	55	59	33	42	69	82	21	20	0
*	*	3p	-	60	1122244	737862	756286	1152206	3768598	4787	6425	1230	1261	523	596	467	584	502	612	482	1047	59	64	35	41	72	66	14	13	0
*	*	3p	-	61	1067074	678315	708786	1073908	3528083	4369	6127	1246	1151	532	621	435	532	441	563	474	945	74	61	33	23	70	66	17	11	0
*	*	3p	-	62	1000464	638412	657031	1005175	3301082	4106	5669	1164	1073	460	521	393	566	394	571	361	924	59	44	27	20	62	62	11	16	0
*	*	3p	-	63	933819	594945	625541	931493	3085798	3963	5393	1061	1020	437	542	428	489	411	512	420	925	46	39	38	30	60	61	19	12	0
*	*	3p	-	64	874241	553882	582421	873297	2883841	3580	5185	1022	912	468	492	416	483	364	489	399	877	44	39	21	29	45	54	8	13	0
*	*	3p	-	65	814046	516373	532860	828377	2691656	3224	4934	894	1035	401	484	341	401	422	514	328	821	50	48	17	23	63	51	17	14	0
*	*	3p	-	66	765578	483817	492436	768292	2510123	3006	4564	888	823	418	486	295	414	316	440	328	664	49	30	26	16	42	44	13	10	0
*	*	3p	-	67	714550	449023	454756	720457	2338786	2820	4309	838	767	385	429	259	346	286	428	253	663	42	27	24	27	46	46	14	7	0
*	*	3p	-	68	656848	423023	431641	666108	2177620	2647	4223	760	717	328	380	298	331	268	382	306	696	36	21	9	21	41	38	9	10	0
*	*	3p	-	69	609102	395337	399903	619288	2023630	2569	3968	678	649	287	393	235	313	264	316	240	645	28	23	17	20	40	38	10	7	0
*	*	3p	-	70	564341	360390	372910	581511	1879152	2329	3618	622	639	273	332	242	288	264	350	218	548	33	25	10	14	33	35	11	10	0
*	*	5p	+	1	2629176	2386737	1691878	2611767	9319558	4307	82969	3488	5273	2800	3615	1240	1985	1685	2772	2363	3597	0	0	0	0	0	0	0	0	3
*	*	5p	+	2	2645711	1506764	2010579	3156463	9319517	4018	35905	4440	3011	1773	3130	1528	2063	1854	2469	1037	3400	0	1	0	0	26	16	9	7	3
*	*	5p	+	3	2848441	1871285	1864568	2735175	9319469	3836	25248	3348	3321	1605	1953	1366	1992	1597	2224	1404	3142	11	7	7	8	53	52	20	26	2
*	*	5p	+	4	2858781	1817041	1844813	2798544	9319179	3625	17696	3260	3286	1423	1624	1183	1594	1448	1857	1199	3440	28	27	15	13	170	175	49	59	0
*	*	5p	+	5	2884124	1749078	2033597	2651977	9318776	3385	11923	3365	2842	1290	1476	1271	1358	1340	1537	1182	2904	173	108	58	43	372	326	79	88	0
*	*	5p	+	6	2849295	1761304	1950732	2757427	9318758	3202	9474	3088	2843	1220	1406	1081	1186	1222	1387	1186	2630	164	211	60	57	292	440	76	85	0
*	*	5p	+	7	2770547	1827798	1954708	2765756	9318809	3030	7781	3104	2846	1082	1272	1098	1126	1149	1320	1056	2217	175	251	88	66	293	405	71	74	0
*	*	5p	+	8	2608733	1921491	1830405	2958186	9318815	2783	7492	2799	2827	1182	1340	1029	1086	1114	1137	1121	2596	208	283	86	85	267	416	68	86	0
*	*	5p	+	9	2544152	1876935	1906804	2990902	9318793	2778	6883	2980	2942	1207	1172	1099	1076	1114	1028	1188	2504	226	300	76	71	313	381	78	83	0
*	*	5p	+	10	2627105	1945155	1980008	2766466	9318734	2837	6012	3001	2638	1115	1114	1105	1150	1093	982	1220	2346	356	277	77	86	438	334	67	82	0
*	*	5p	+	11	2673715	1939800	1932623	2772583	9318721	2645	5662	3009	2871	1140	1149	1122	1052	1187	1096	1135	2214	338	272	104	101	406	360	80	79	0
*	*	5p	+	12	2675429	1951594	1979225	2712532	9318780	2741	5254	3090	2862	1083	1038	1207	1041	1232	1047	1089	2268	322	310	74	94	374	338	81	81	0
*	*	5p	+	13	2690099	1952248	1977990	2698407	9318744	2862	4973	2977	2852	1052	1090	1089	1041	1079	1103	1122	2215	299	285	99	101	391	365	73	79	0
*	*	5p	+	14	2665944	1977779	1994907	2680185	9318815	2841	4945	2790	2769	1031	1015	1105	1094	1061	1031	1118	2381	268	316	106	89	317	356	80	85	0
*	*	5p	+	15	2687377	1990813	1984244	2656262	9318696	3167	4972	2889	2714	1108	1074	949	1061	1032	969	1057	2419	351	293	90	102	429	389	65	72	0
*	*	5p	+	16	2690703	1975452	1985725	2666766	9318646	3619	4733	3137	2762	1069	1082	1118	1089	1179	1122	1051	2317	321	320	89	102	398	416	66	93	0
*	*	5p	+	17	2663215	1965539	2011859	2678021	9318634	4630	4750	3046	2852	1053	1041	1039	991	1151	1017	991	2331	348	307	81	122	410	428	89	95	0
*	*	5p	+	18	2643332	1971094	2056601	2647623	9318650	6673	4569	2869	2794	945	1096	1067	1075	1069	1042	1118	2402	284	361	90	111	390	427	90	90	0
*	*	5p	+	19	2661208	1968332	2057760	2631302	9318602	9590	4725	2950	2792	997	969	1069	1131	1087	992	1093	2295	310	372	97	105	401	474	74	90	0
*	*	5p	+	20	2670736	1966944	2063363	2617521	9318564	13148	4480	2935	2688	1023	1054	1069	1068	1028	938	1194	2206	360	366	99	100	457	491	67	78	0
*	*	5p	+	21	2669734	1960751	2036658	2651411	9318554	17212	4580	2832	2808	1000	1058	997	1153	1013	1118	1065	2180	373	371	96	104	464	481	61	93	0
*	*	5p	+	22	2690270	1930866	2015989	2681453	9318578	21820	4398	2886	2794	1027	1007	939	1099	1029	1006	1000	2177	335	392	87	109	415	497	83	82	0
*	*	5p	+	23	2672616	1942121	2026697	2677061	9318495	26477	4487	2753	2764	938	920	1081	1174	971	998	1112	2265	391	392	95	112	504	488	79	90	0
*	*	5p	+	24	2682553	1925568	2057417	2652993	9318531	31260	4350	2747	2604	921	970	1048	1162	944	1058	1007	2217	336	392	87	118	486	471	77	90	0
*	*	5p	+	25	2705623	1923958	2035909	2653078	9318568	35757	4253	2781	2695	1017	1031	1046	1247	1011	992	1039	2296	349	365	101	153	441	429	67	78	0
*	*	5p	+	26	2690293	1930691	2014410	2683230	9318624	39686	4466	2842	2806	996	1080	1010	1241	931	1086	1077	2122	311	369	104	138	390	481	71	86	0
*	*	5p	+	27	2684796	1895590	2039092	2699226	9318704	44293	4145	2782	2849	998	1006	961	1308	1082	1144	1021	2190	281	338	105	137	375	425	69	81	0
*	*	5p	+	28	2675836	1924956	2034168	2683681	9318641	48195	4165	2740	2848	932	961	1047	1361	1008	1117	975	2093	309	344	88	153	391	460	71	89	0
*	*	5p	+	29	2690852	1919543	2046997	2661211	9318603	52783	4217	2726	2760	980	989	1116	1523	1063	1203	1090	2219	306	360	104	135	429	445	76	87	0
*	*	5p	+	30	2726864	1911759	2051501	2628523	9318647	57608	3790	2805	2855	957	1027	1056	1417	961	1095	1024	2130	313	361	133	157	400	445	69	89	0
*	*	5p	+	31	2705511	1901066	2034427	2660845	9301849	61391	3867	2657	2953	1026	1038	928	1430	993	1263	1038	2037	299	359	133	141	373	440	81	85	0
*	*	5p	+	32	2682232	1899084	2004335	2692203	9277854	64199	3815	2755	2999	981	1061	989	1483	1021	1223	992	2190	261	328	133	171	404	383	66	90	0
*	*	5p	+	33	2667067	1897316	2008446	2673429	9246258	67703	3805	2693	3065	956	1003	1021	1528	1095	1319	1060	2056	254	339	127	156	392	410	65	72	0
*	*	5p	+	34	2656496	1867167	2016002	2666725	9206390	71847	3816	2533	3056	929	984	1028	1604	1044	1300	1088	1990	284	319	97	155	388	361	57	95	0
*	*	5p	+	35	2714493	1840826	1988158	2611343	9154820	75501	3715	2905	2948	983	1033	1073	1663	1184	1229	1076	1952	294	325	108	191	409	341	73	91	0
*	*	5p	+	36	2680018	1832273	1969412	2608886	9090589	78841	3543	2629	3036	994	1088	985	1684	1062	1340	1010	1931	310	303	109	178	368	345	63	79	0
*	*	5p	+	37	2666299	1804032	1940237	2600086	9010654	82775	3472	2755	3126	916	979	1074	1746	1132	1354	1012	1868	289	303	134	165	383	352	75	64	0
*	*	5p	+	38	2634010	1762399	1939138	2578879	8914426	87151	3505	2595	3137	988	1069	999	1778	1099	1475	1057	1929	238	294	129	177	348	292	79	72	0
*	*	5p	+	39	2592831	1766213	1911554	2527736	8798334	90264	3401	2549	3171	970	1004	1034	1902	1097	1392	968	1974	226	275	132	154	322	317	62	79	0
*	*	5p	+	40	2579484	1714008	1886116	2488263	8667871	94536	3398	2569	3097	1000	1171	1027	1816	1028	1440	1055	1993	236	252	141	170	297	303	65	67	0
*	*	5p	+	41	2520841	1683411	1820565	2496834	8521651	96338	3451	2542	3230	956	1047	1000	1870	1054	1530	1081	1730	208	265	120	185	286	293	66	75	0
*	*	5p	+	42	2482274	1653505	1767239	2456413	8359431	98274	3139	2453	3159	928	1174	890	1794	1030	1482	914	1703	221	282	129	149	306	249	51	61	0
*	*	5p	+	43	2419512	1612847	1737639	2411042	8181040	101672	3171	2457	3310	886	1091	1017	1903	1037	1569	988	1726	210	257	134	141	342	276	49	52	0
*	*	5p	+	44	2374390	1558616	1713118	2340253	7986377	104295	3137	2544	3088	925	1007	1074	1981	1161	1545	1056	1713	192	230	104	139	284	226	60	74	0
*	*	5p	+	45	2343156	1505404	1641451	2286052	7776063	104783	3054	2376	3122	945	1102	971	1840	1021	1491	877	1699	178	236	117	118	301	269	47	67	0
*	*	5p	+	46	2267726	1454962	1588453	2238975	7550116	106014	2937	2313	3041	905	1050	863	1756	986	1556	866	1643	189	242	121	148	244	220	49	51	0
*	*	5p	+	47	2197491	1395564	1550282	2165097	7308434	108483	2866	2236	3099	860	1012	827	1849	968	1614	859	1503	175	216	119	136	245	202	47	51	0
*	*	5p	+	48	2135797	1333559	1522927	2059553	7051836	109288	2702	2145	2958	828	977	871	1880	1020	1580	826	1608	185	204	124	115	220	193	65	53	0
*	*	5p	+	49	2047827	1301415	1455691	1972827	6777760	109345	2662	2009	2975	823	940	866	1820	928	1482	775	1440	174	170	102	124	238	187	47	50	0
*	*	5p	+	50	1962521	1244740	1398053	1888957	6494271	107695	2585	2142	2720	823	1004	828	1745	812	1477	803	1404	177	167	104	106	222	188	43	54	0
*	*	5p	+	51	1883262	1193763	1307243	1823796	6208064	104667	2327	1992	2905	779	984	831	1727	854	1438	720	1292	160	186	101	102	198	153	40	40	0
*	*	5p	+	52	1794925	1126448	1241856	1758827	5922056	102018	2124	1966	2732	746	881	781	1662	802	1383	671	1223	139	170	81	98	186	145	45	38	0
*	*	5p	+	53	1703499	1076542	1197816	1661007	5638864	100782	2304	1788	2626	697	797	739	1581	768	1368	655	1231	142	162	87	108	177	128	36	38	0
*	*	5p	+	54	1628372	1014003	1140376	1576167	5358918	97813	2014	1619	2486	685	805	675	1643	695	1193	722	1115	123	136	75	103	168	147	24	28	0
*	*	5p	+	55	1565990	955307	1074648	1486621	5082566	94564	1934	1680	2295	596	808	647	1502	701	1222	676	1156	119	138	75	81	170	130	26	37	0
*	*	5p	+	56	1476042	898510	1021876	1413700	4810128	92113	1790	1563	2208	612	794	630	1403	656	1161	645	989	126	113	79	73	156	115	33	38	0
*	*	5p	+	57	1394391	851571	948660	1345020	4539642	88137	1755	1456	2226	562	755	541	1298	646	1217	550	889	109	96	60	63	140	107	28	40	0
*	*	5p	+	58	1302456	806266	905877	1260111	4274710	85113	1678	1380	2118	525	706	606	1321	622	1132	556	928	109	97	78	67	123	89	23	36	0
*	*	5p	+	59	1225533	753471	854815	1182483	4016302	82285	1592	1320	2072	494	642	542	1283	625	1023	542	873	101	101	56	65	151	98	27	32	0
*	*	5p	+	60	1159126	705696	806627	1095340	3766789	78437	1460	1314	1870	496	667	476	1233	534	986	504	850	83	99	51	69	106	98	32	38	0
*	*	5p	+	61	1086854	660789	742522	1037167	3527332	73353	1410	1187	1777	483	596	437	1096	569	987	440	763	78	107	55	60	107	70	26	22	0
*	*	5p	+	62	1016516	614169	699235	970544	3300464	69725	1356	1078	1694	436	597	440	1105	514	918	422	695	85	95	45	50	110	78	16	31	0
*	*	5p	+	63	944119	580201	651789	909244	3085353	65922	1295	1024	1623	425	585	459	1012	554	852	450	659	71	69	50	39	80	70	16	21	0
*	*	5p	+	64	883599	539917	608179	850931	2882626	62305	1167	968	1528	416	532	401	984	449	841	389	647	59	81	60	55	79	49	22	21	0
*	*	5p	+	65	834551	497963	568674	789576	2690764	58892	1126	1026	1378	392	557	351	932	443	802	377	600	66	87	33	39	83	57	14	22	0
*	*	5p	+	66	778328	458388	530606	742050	2509372	54721	965	917	1323	355	490	390	839	435	740	330	581	59	71	36	42	82	51	13	19	0
*	*	5p	+	67	729034	424424	494120	690151	2337729	51346	896	805	1201	348	457	313	782	391	700	325	501	44	69	41	47	85	39	11	16	0
*	*	5p	+	68	673974	399879	464604	637151	2175608	48367	845	824	1172	303	439	319	787	337	629	315	474	47	58	27	48	76	31	16	17	0
*	*	5p	+	69	626400	370716	433291	591482	2021889	45196	799	711	1026	281	412	292	691	333	662	276	495	37	42	31	37	63	35	12	18	0
*	*	5p	+	70	586343	345856	396516	549063	1877778	41162	715	726	990	266	383	231	632	327	550	249	425	45	42	24	37	61	38	13	17	0
*	*	5p	-	1	2632405	2386988	1689556	2602894	9311843	4187	83331	3464	5264	2903	3678	1274	2064	1714	2768	2321	3650	0	0	0	0	0	0	0	0	2
*	*	5p	-	2	2652361	1503540	2006931	3149031	9311863	4064	36380	4397	3006	1833	3062	1552	2119	1902	2429	1061	3374	0	0	1	0	3	1	0	0	2
*	*	5p	-	3	2851154	1871943	1863848	2724943	9311888	3840	25476	3494	3241	1548	1913	1410	1987	1510	2235	1387	3266	2	0	0	0	7	2	3	3	1
*	*	5p	-	4	2866552	1817972	1842018	2785338	9311880	3644	17845	3221	3130	1472	1680	1162	1629	1405	1893	1239	3408	2	2	3	2	13	11	10	4	0
*	*	5p	-	5	2893741	1746459	2028711	2642732	9311643	3417	11957	3473	2821	1364	1501	1271	1426	1347	1596	1159	2956	25	13	31	24	98	77	36	67	0
*	*	5p	-	6	2855422	1760105	1946583	2749524	9311634	3216	9398	3124	2900	1236	1432	1115	1228	1231	1457	1103	2680	36	36	53	33	97	94	59	52	0
*	*	5p	-	7	2778834	1828328	1953856	2750628	9311646	2912	7743	3004	2750	1169	1273	1137	1102	1182	1259	1007	2099	47	46	66	50	89	72	70	57	0
*	*	5p	-	8	2617703	1919419	1827858	2946641	9311621	2835	7626	2808	2840	1202	1303	1069	1111	981	1105	1115	2440	55	61	54	59	88	90	66	68	0
*	*	5p	-	9	2553501	1875106	1904622	2978407	9311636	2746	6965	2911	2852	1248	1176	1180	1073	1056	1019	1179	2480	79	59	73	59	94	101	59	49	0
*	*	5p	-	10	2632907	1944365	1976631	2757698	9311601	2801	5879	3006	2754	1141	1199	1132	1059	1093	909	1159	2236	71	60	78	56	98	109	63	67	0
*	*	5p	-	11	2681721	1941841	1931902	2756099	9311563	2689	5631	2985	2901	1199	1143	1099	1079	1083	1130	1184	2144	103	92	69	69	105	125	65	62	0
*	*	5p	-	12	2681076	1947677	1976206	2706635	9311594	2637	5255	3033	2854	1106	1032	1166	1079	1264	1065	1021	2236	93	102	67	74	90	127	65	57	0
*	*	5p	-	13	2695540	1952940	1977414	2685657	9311551	2764	4925	2966	2758	1123	1043	1146	1007	1078	1038	1102	2278	116	120	78	71	120	156	54	56	0
*	*	5p	-	14	2673209	1977052	1990929	2670301	9311491	2856	5071	2843	2868	1059	991	1165	1038	1038	951	1100	2307	118	98	67	89	139	170	75	62	0
*	*	5p	-	15	2695360	1992672	1981055	2642337	9311424	3213	4965	2933	2803	1118	1056	1080	1134	970	937	1091	2344	128	145	72	85	175	197	75	69	0
*	*	5p	-	16	2697079	1972089	1985154	2657047	9311369	3641	4647	2996	2872	1110	1063	1178	1000	1169	1038	1085	2235	127	187	81	82	187	225	62	56	0
*	*	5p	-	17	2668272	1961755	2011338	2669981	9311346	4673	4688	2972	2835	1009	1103	1127	1035	1235	1028	1034	2280	183	169	60	98	230	232	66	63	0
*	*	5p	-	18	2649079	1968221	2054044	2639973	9311317	6635	4652	2920	2785	1021	991	1120	1049	1038	1004	1106	2278	198	206	89	92	210	259	77	74	0
*	*	5p	-	19	2668307	1968004	2053477	2621474	9311262	9298	4601	2891	2855	1021	976	1158	1152	1072	992	1107	2299	210	229	81	91	250	289	62	64	0
*	*	5p	-	20	2676638	1966181	2056852	2611527	9311198	13233	4487	2928	2738	1012	1168	1118	1049	963	909	1125	2248	229	209	92	90	286	308	73	71	0
*	*	5p	-	21	2676995	1957798	2037836	2638572	9311201	17530	4557	2843	2749	1020	1037	1080	1132	1024	1093	1066	2172	243	216	75	101	283	304	80	71	0
*	*	5p	-	22	2696682	1928270	2016195	2670043	9311190	21662	4336	2788	2719	1038	1030	997	1007	965	1117	934	2222	257	234	82	92	286	331	67	64	0
*	*	5p	-	23	2679184	1944221	2023883	2663886	9311174	26291	4494	2815	2753	958	992	1019	1211	1004	1056	1052	2240	233	220	83	110	303	313	57	91	0
*	*	5p	-	24	2686551	1925601	2055829	2643198	9311179	31127	4277	2803	2711	957	982	1039	1168	1028	976	1013	2325	273	235	82	101	330	298	66	64	0
*	*	5p	-	25	2712982	1921849	2033831	2642410	9311072	36042	4350	2875	2643	1019	1094	1002	1179	926	993	1060	2262	270	223	80	131	347	300	60	78	0
*	*	5p	-	26	2691366	1930077	2014220	2675445	9311108	39635	4302	2769	2792	1011	1018	1019	1239	1004	1157	1000	2120	295	241	96	115	379	315	67	70	0
*	*	5p	-	27	2690832	1893526	2040432	2686270	9311060	44158	4208	2759	2847	1034	1016	987	1240	1035	1144	978	2165	309	252	92	111	416	309	67	85	0
*	*	5p	-	28	2678672	1929565	2031106	2671644	9310987	48409	4096	2737	2844	876	962	1073	1379	1052	1199	1071	2126	321	243	106	142	431	368	72	80	0
*	*	5p	-	29	2696713	1915041	2047070	2652134	9310958	52547	4105	2650	2936	1004	1021	1023	1449	1050	1230	1044	2133	328	300	90	150	400	403	77	84	0
*	*	5p	-	30	2730052	1912757	2049938	2618276	9311023	57326	3875	2784	2786	989	1112	972	1470	1005	1114	1043	2127	342	327	86	143	395	362	67	91	0
*	*	5p	-	31	2709305	1896858	2033976	2653832	9293971	61217	3933	2699	2965	948	1062	1017	1475	988	1248	1072	2105	349	319	126	142	432	397	84	84	0
*	*	5p	-	32	2686052	1897308	2002220	2684256	9269836	64144	3786	2616	2956	993	1023	964	1553	1058	1265	998	2019	351	325	129	141	455	413	66	85	0
*	*	5p	-	33	2674455	1895401	2006332	2662539	9238727	67946	3791	2581	3027	944	1007	1075	1569	1064	1308	1063	2032	352	334	120	168	469	404	64	80	0
*	*	5p	-	34	2659593	1866930	2014231	2658083	9198837	71724	3908	2542	3132	890	945	1044	1707	1016	1266	1067	2008	364	345	121	185	442	435	77	78	0
*	*	5p	-	35	2717130	1840084	1986520	2603963	9147697	74865	3705	2867	2928	1052	1037	1104	1706	1141	1195	1005	2047	393	348	128	163	450	408	100	99	0
*	*	5p	-	36	2683213	1830716	1970295	2599446	9083670	79289	3665	2723	3004	1012	1007	985	1716	1036	1303	1039	1910	389	361	130	198	451	462	86	107	0
*	*	5p	-	37	2673477	1801807	1938520	2590043	9003847	82286	3522	2777	3212	990	1012	1079	1670	1185	1371	940	1920	351	353	136	159	478	463	75	81	0
*	*	5p	-	38	2640782	1763566	1937229	2565871	8907448	86630	3605	2540	3206	918	1100	1027	1825	1102	1382	1021	2016	394	382	137	189	474	449	86	87	0
*	*	5p	-	39	2596692	1766707	1910247	2517819	8791465	91014	3514	2485	3123	947	968	966	2047	1026	1424	1009	1860	361	412	117	184	446	446	65	88	0
*	*	5p	-	40	2588450	1711287	1884398	2476582	8660717	93874	3422	2647	3109	1028	1105	981	1849	1020	1395	1012	1863	356	399	138	178	479	455	91	74	0
*	*	5p	-	41	2523424	1681422	1821035	2488644	8514525	96312	3393	2478	3151	924	1056	1033	1804	1018	1590	1000	1733	333	375	146	177	477	467	76	71	0
*	*	5p	-	42	2482365	1650652	1768711	2450736	8352464	98523	3241	2532	3148	1008	1102	972	1833	1024	1545	889	1730	345	397	149	183	448	445	60	78	0
*	*	5p	-	43	2420727	1614697	1735752	2402793	8173969	101388	3321	2371	3322	953	1010	977	1946	1038	1500	964	1766	351	371	147	180	427	418	88	96	0
*	*	5p	-	44	2379440	1558162	1709269	2333446	7980317	103755	3111	2505	3116	908	1054	1037	1918	1175	1514	961	1713	340	346	141	151	425	391	54	71	0
*	*	5p	-	45	2347467	1505753	1639195	2277903	7770318	104700	3008	2461	3138	940	1098	993	1896	1007	1484	900	1670	311	381	124	147	367	395	81	79	0
*	*	5p	-	46	2275797	1453293	1586421	2229097	7544608	105609	2938	2339	3131	830	1014	934	1866	960	1578	887	1529	304	360	123	138	402	367	67	84	0
*	*	5p	-	47	2200787	1396571	1550472	2155657	7303487	108057	2732	2220	3035	859	1078	845	1900	940	1527	838	1465	294	353	122	146	396	416	68	76	0
*	*	5p	-	48	2144307	1334149	1519618	2048837	7046911	109415	2703	2072	3016	854	1014	867	1831	971	1517	862	1549	262	321	132	163	385	386	63	76	0
*	*	5p	-	49	2052534	1301149	1454078	1966275	6774036	108559	2598	2005	2915	789	982	831	1862	858	1463	847	1486	291	335	120	150	362	386	64	79	0
*	*	5p	-	50	1969394	1243307	1397502	1882172	6492375	107843	2497	2052	2747	797	1007	843	1733	860	1396	812	1354	241	296	101	151	355	382	43	62	0
*	*	5p	-	51	1888900	1193823	1305772	1816480	6204975	104171	2330	1971	2801	779	942	734	1787	885	1385	747	1275	240	279	89	138	287	363	50	58	0
*	*	5p	-	52	1798630	1126339	1243127	1751870	5919966	102653	2291	1841	2641	727	993	722	1686	828	1320	699	1193	244	258	117	138	292	325	53	68	0
*	*	5p	-	53	1708610	1075538	1198243	1653795	5636186	100701	2280	1830	2671	685	790	675	1643	807	1398	685	1210	215	275	96	121	291	331	55	54	0
*	*	5p	-	54	1635080	1014269	1137933	1568757	5356039	97443	2065	1683	2453	589	814	695	1489	798	1252	668	1112	224	258	97	126	302	282	53	53	0
*	*	5p	-	55	1571716	953523	1073305	1482054	5080598	94263	1930	1633	2361	654	796	643	1487	690	1156	615	1072	203	249	97	112	285	265	45	59	0
*	*	5p	-	56	1479185	898469	1023045	1408094	4808793	92177	1785	1574	2237	621	767	591	1376	693	1224	619	974	188	243	84	117	282	219	56	44	0
*	*	5p	-	57	1399740	850508	947550	1341166	4538964	87602	1827	1452	2210	549	814	599	1406	663	1138	531	958	155	225	73	107	247	247	42	31	0
*	*	5p	-	58	1307920	806809	906034	1254234	4274997	85386	1691	1342	2053	547	716	583	1368	627	1135	558	931	151	204	68	89	228	194	39	46	0
*	*	5p	-	59	1231731	755556	852994	1177236	4017517	81725	1591	1302	2002	457	702	573	1255	592	1039	519	880	160	182	64	87	232	219	34	41	0
*	*	5p	-	60	1164130	704309	808565	1091220	3768224	78145	1415	1340	1799	565	614	514	1177	525	982	498	830	133	152	67	79	245	203	34	42	0
*	*	5p	-	61	1091266	661672	740693	1034151	3527782	72991	1452	1203	1895	464	688	508	1157	525	978	432	794	138	140	73	103	207	180	28	38	0
*	*	5p	-	62	1020685	612470	699281	968345	3300781	69693	1288	1105	1720	455	587	454	1039	525	858	389	732	143	150	61	74	203	170	36	38	0
*	*	5p	-	63	947407	580075	652766	905305	3085553	66305	1330	1018	1582	410	540	430	1025	486	904	375	629	113	137	62	65	184	153	30	32	0
*	*	5p	-	64	890188	539707	607352	846304	2883551	62431	1236	979	1532	430	516	439	1027	444	871	412	622	119	126	53	69	184	169	30	25	0
*	*	5p	-	65	837557	497515	569484	786875	2691431	59073	1075	1008	1332	405	598	339	890	392	817	381	587	113	110	47	69	160	141	32	35	0
*	*	5p	-	66	781284	457591	531257	739737	2509869	54832	1014	901	1303	321	463	351	884	446	754	334	513	70	123	46	48	157	161	19	21	0
*	*	5p	-	67	730782	424780	494910	688073	2338545	51104	890	784	1229	318	508	276	778	417	700	302	480	102	88	45	52	171	125	24	25	0
*	*	5p	-	68	677256	399884	464986	635288	2177414	48196	835	760	1143	306	406	327	780	335	698	326	458	78	114	41	43	151	102	13	32	0
*	*	5p	-	69	630396	370929	433966	588152	2023443	45147	773	724	1047	295	377	268	670	300	625	273	495	73	91	33	60	124	105	21	24	0
*	*	5p	-	70	589149	345524	397789	546531	1878993	41521	709	695	953	299	340	259	677	298	524	263	441	95	66	49	39	117	86	15	23	0
