Sample	Library	End	Std	Pos	A	C	G	T	Total	G>A	C>T	A>G	T>C	A>C	A>T	C>G	C>A	T>G	T>A	G>C	G>T	A>-	T>-	C>-	G>-	->A	->T	->C	->G	S
*	*	3p	+	1	12639921	9121117	8851824	12689439	43302301	32332	13056	13295	18193	5723	6805	5298	9558	6249	7961	5058	9755	46	79	54	53	680	543	457	495	43304834
*	*	3p	+	2	12590763	9213216	8895746	12602096	43301821	25433	13382	12455	17543	5548	6309	4748	7281	5515	7013	4606	9126	280	309	328	290	887	749	549	517	43304834
*	*	3p	+	3	13490993	8518336	9397015	11895163	43301507	25964	12595	12904	14549	4823	5292	4994	7017	5399	6359	4420	9066	316	429	394	375	1073	784	532	637	43304834
*	*	3p	+	4	13339510	8968129	9255143	11738843	43301625	24394	11433	12154	14490	5186	4600	5071	6638	5098	5641	5250	8396	424	513	469	410	1018	782	521	566	43304834
*	*	3p	+	5	12477253	9264260	9410996	12149675	43302184	21273	11690	11397	14522	4333	4150	4849	6068	5149	5644	5063	8449	459	548	544	409	928	739	428	532	43304834
*	*	3p	+	6	12404122	9345877	9181903	12370660	43302562	19174	11144	12036	13950	4281	4522	4518	5463	5008	5716	4341	8094	504	598	552	421	818	650	363	408	0
*	*	3p	+	7	12267033	9320900	9342766	12371798	43302497	17962	10998	12038	13546	4510	4484	4507	5418	5020	5179	4456	8118	535	676	519	411	729	628	299	380	0
*	*	3p	+	8	12376873	9280417	9280116	12365043	43302449	17796	10765	11838	13221	4368	4627	4428	5320	4668	4581	4495	8031	604	674	541	445	760	698	323	358	0
*	*	3p	+	9	12282856	9374694	9457364	12187669	43302583	17277	11017	11626	12553	4311	4258	4644	5321	4820	4521	4510	8731	676	734	617	409	813	745	323	346	0
*	*	3p	+	10	12127181	9294643	9531905	12348710	43302439	17298	11226	11244	12731	4165	3977	4617	5261	5086	4825	4603	8517	739	745	539	466	896	841	303	334	0
*	*	3p	+	11	12184022	9351200	9410661	12356112	43301995	16630	11204	11807	13007	4206	4258	4398	4953	4939	4953	4352	8280	831	840	569	488	975	927	315	362	0
*	*	3p	+	12	12259696	9396738	9341303	12304108	43301845	16311	11293	11804	12866	4312	4450	4201	4871	4712	4955	3956	7971	881	947	522	440	1153	1133	320	366	0
*	*	3p	+	13	12242140	9458858	9486524	12113800	43301322	16563	11830	11667	12109	4320	4438	4640	5191	4468	4305	4395	8516	969	1045	584	449	1236	1275	393	370	0
*	*	3p	+	14	12111515	9560755	9424637	12204424	43301331	16536	12333	11356	12218	4327	4105	4370	5153	4583	4430	4524	8744	1045	1053	601	459	1350	1376	385	364	0
*	*	3p	+	15	12001216	9607913	9455245	12236810	43301184	16689	12846	11108	12086	4134	3752	4594	5101	4719	4407	4659	8944	1112	1223	602	509	1406	1483	367	368	0
*	*	3p	+	16	12116549	9534673	9359705	12289979	43300906	16099	13301	11204	12361	4283	4221	4319	4913	4648	4656	4059	8742	1128	1315	563	483	1507	1637	391	373	0
*	*	3p	+	17	12252045	9414807	9269529	12364370	43300751	15260	13943	11474	12474	4307	4438	4329	4857	4641	4811	4054	8845	1233	1417	557	436	1588	1710	373	381	0
*	*	3p	+	18	12390566	9409794	9323741	12176512	43300613	15655	14182	11673	11703	4428	4279	4300	4918	4337	4157	4167	8969	1223	1410	536	512	1600	1862	352	379	0
*	*	3p	+	19	12209365	9494227	9437146	12159675	43300413	15462	14934	11200	11279	4291	4078	4558	5059	4447	3963	4461	9328	1277	1481	586	431	1680	1984	350	376	0
*	*	3p	+	20	12202315	9298512	9467602	12331888	43300317	15832	15285	11048	11690	4003	3804	4365	4886	4643	4516	4432	9503	1361	1496	531	478	1688	2010	383	405	0
*	*	3p	+	21	12261777	9243447	9316203	12288420	43109847	14796	15718	11269	11873	4357	4193	4239	4689	4440	4778	4134	9381	1322	1583	521	525	1758	2094	377	395	0
*	*	3p	+	22	12230857	9230231	9135498	12263824	42860410	13902	15937	11234	11746	4409	4061	4201	4667	4457	4785	3878	8952	1410	1560	506	460	1826	2127	390	415	0
*	*	3p	+	23	12158911	9135249	9095909	12153693	42543762	14221	15965	11309	11155	4600	4269	4447	4798	4203	4150	4276	9174	1396	1657	568	528	1895	2178	414	409	0
*	*	3p	+	24	11973297	9032198	9027297	12111442	42144234	13864	15958	10918	11307	4371	3980	4196	4655	4352	4208	4383	9371	1551	1733	557	456	1943	2144	412	383	0
*	*	3p	+	25	11753377	8952382	8963014	11979488	41648261	13499	16380	10433	11235	4141	3794	4422	4695	4310	4313	4192	9403	1559	1727	561	499	2106	2175	364	440	0
*	*	3p	+	26	11751370	8718216	8734208	11840750	41044544	12687	16335	10763	11221	4517	4030	4067	4364	4382	4628	4146	9036	1535	1750	556	524	2072	2148	418	382	0
*	*	3p	+	27	11585748	8504761	8573294	11660108	40323911	12025	16150	10762	10923	4208	4145	3874	4427	4223	4470	3705	9015	1674	1732	561	527	2032	2097	384	419	0
*	*	3p	+	28	11425500	8330496	8351185	11379670	39486851	12179	16127	10845	10185	4444	4180	3953	4414	3908	3936	4015	8791	1685	1787	564	524	2018	2136	349	380	0
*	*	3p	+	29	11120386	8137974	8145002	11128124	38531486	12074	16159	10005	10224	4302	3932	3894	4186	3850	3699	4279	9089	1702	1812	544	551	2017	2069	368	386	0
*	*	3p	+	30	10642436	7894641	7886247	11050718	37474042	11625	15936	9698	10214	3897	3506	3843	4264	4016	4095	3987	8832	1678	1770	485	523	2101	2234	391	351	0
*	*	3p	+	31	10378516	7633151	7602643	10711137	36325447	10844	15364	9867	9967	3846	3787	3695	4033	3861	4072	3532	8319	1661	1640	526	517	1994	2085	374	363	0
*	*	3p	+	32	10140027	7328552	7211429	10415078	35095086	10098	15386	9490	9780	4061	3730	3466	3903	3747	4050	3353	7835	1629	1686	474	482	2110	2094	341	392	0
*	*	3p	+	33	9836511	7034389	6935086	9977420	33783406	9972	14825	9281	9027	3807	3866	3594	3948	3396	3467	3432	7752	1527	1607	477	455	2089	2062	355	325	0
*	*	3p	+	34	9349717	6732987	6773664	9540882	32397250	9611	14376	8710	8583	3631	3527	3319	3701	3378	3359	3694	7763	1565	1533	463	425	1938	1986	309	325	0
*	*	3p	+	35	8896255	6468672	6440709	9154058	30959694	9147	14305	8326	8454	3339	3154	3272	3606	3426	3478	3503	7631	1507	1433	424	419	1941	1919	315	336	0
*	*	3p	+	36	8578231	6036444	6072669	8795556	29482900	8660	13382	8115	8516	3492	3315	3059	3316	3426	3709	2940	6963	1456	1520	457	387	1882	1776	337	290	0
*	*	3p	+	37	8181925	5709924	5722946	8352166	27966961	8015	12637	7554	7824	3225	3141	2702	3208	3045	3511	2708	6526	1415	1382	369	410	1785	1740	330	293	0
*	*	3p	+	38	7812457	5410369	5380968	7816189	26419983	7873	12050	7649	7304	3149	3087	2739	3005	2717	2912	2720	6369	1280	1297	354	362	1627	1679	287	283	0
*	*	3p	+	39	7271460	5111439	5096872	7379611	24859382	7635	11813	6678	6964	2948	2846	2616	3080	2776	2731	2820	6183	1250	1228	362	353	1549	1547	251	266	0
*	*	3p	+	40	6784979	4751966	4766464	7008833	23312242	7054	11328	6231	6658	2618	2548	2578	2810	2633	2849	2715	5837	1117	1171	301	339	1507	1511	232	261	0
*	*	3p	+	41	6392773	4415893	4396809	6595360	21800835	6397	10380	6018	6365	2462	2577	2335	2547	2554	2704	2236	5373	1102	1028	299	283	1462	1376	242	265	0
*	*	3p	+	42	6005680	4133885	4069987	6121199	20330751	5946	9590	5763	5857	2461	2417	2155	2366	2278	2690	2037	4905	986	1002	253	261	1314	1387	212	227	0
*	*	3p	+	43	5587880	3869648	3793323	5658187	18909038	5480	9063	5539	5274	2338	2296	2088	2474	2004	2208	2057	4630	940	897	266	274	1236	1231	231	198	0
*	*	3p	+	44	5117807	3581111	3589968	5259964	17548850	5508	8497	4958	4860	2054	2084	2016	2162	2053	2158	1951	4509	789	851	240	250	1114	1106	178	189	0
*	*	3p	+	45	4711449	3310361	3329659	4896735	16248204	4964	8233	4635	4691	1910	1873	1897	2118	1814	2149	1944	4144	800	778	207	255	1107	1016	187	186	0
*	*	3p	+	46	4404379	3021871	3020139	4558602	15004991	4606	7488	4410	4478	1796	1904	1691	1903	1836	2008	1607	3925	721	695	206	217	898	937	131	152	0
*	*	3p	+	47	4081914	2813795	2752788	4177325	13825822	4064	7013	4021	4063	1738	1735	1478	1802	1503	1811	1446	3292	593	672	173	177	847	874	141	135	0
*	*	3p	+	48	3764978	2582323	2542857	3818353	12708511	3779	6449	3896	3720	1659	1630	1527	1637	1462	1593	1445	3235	558	569	168	175	768	803	136	124	0
*	*	3p	+	49	3441024	2361292	2343280	3510222	11655818	3660	6043	3663	3384	1455	1391	1304	1463	1287	1433	1424	2995	514	575	147	155	658	683	114	109	0
*	*	3p	+	50	3114883	2165918	2140671	3250871	10672343	3325	5522	3233	3270	1297	1196	1324	1439	1309	1499	1229	2797	422	494	138	138	607	656	96	95	0
*	*	3p	+	51	2875297	1969463	1955008	2961715	9761483	2962	5075	3050	2944	1232	1243	1135	1299	1189	1417	1080	2630	395	435	127	119	496	560	92	84	0
*	*	3p	+	52	2643564	1785089	1766876	2727896	8923425	2626	4711	2689	2615	1169	1221	977	1184	999	1290	900	2234	359	389	99	98	457	495	79	76	0
*	*	3p	+	53	2422890	1639300	1627352	2459875	8149417	2630	4283	2628	2326	1097	1138	1046	1144	927	1113	987	2134	290	307	93	87	419	417	45	60	0
*	*	3p	+	54	2193379	1500100	1495709	2253233	7442421	2425	3940	2332	2161	955	929	923	953	887	937	930	1963	258	308	70	71	344	415	56	56	0
*	*	3p	+	55	1971817	1378483	1368967	2073570	6792837	2297	3628	2086	2159	766	815	805	899	816	959	864	1884	237	242	64	75	307	357	50	57	0
*	*	3p	+	56	1818517	1245483	1235588	1898514	6198102	1954	3350	1952	2094	788	804	804	872	749	846	699	1618	201	229	68	63	298	307	40	34	0
*	*	3p	+	57	1680562	1135041	1115556	1726386	5657545	1714	3089	1761	1797	721	791	692	803	654	865	637	1455	189	208	48	47	270	304	33	43	0
*	*	3p	+	58	1541707	1031094	1024732	1561831	5159364	1628	2740	1609	1571	614	748	583	671	615	767	699	1356	176	205	56	52	252	269	27	38	0
*	*	3p	+	59	1395137	940958	938575	1428919	4703589	1505	2539	1454	1403	601	649	616	680	552	612	592	1245	183	196	43	56	220	220	25	34	0
*	*	3p	+	60	1257557	861793	852759	1317432	4289541	1395	2329	1288	1469	535	528	573	610	512	583	496	1160	119	160	33	45	169	231	27	22	0
*	*	3p	+	61	1160707	784966	766446	1204061	3916180	1192	2123	1180	1215	518	550	500	554	491	592	473	1027	112	158	31	54	197	187	21	24	0
*	*	3p	+	62	1058498	714470	696725	1109059	3578752	1118	1922	1127	1134	445	518	410	510	426	507	398	878	113	121	29	38	167	188	18	23	0
*	*	3p	+	63	978473	654666	640115	1001003	3274257	1101	1696	1043	959	465	482	434	440	388	420	400	813	106	127	31	38	184	173	19	12	0
*	*	3p	+	64	889689	603361	590848	918111	3002009	1013	1525	899	912	360	409	366	368	353	449	384	870	94	114	34	31	126	150	15	20	0
*	*	3p	+	65	810158	552786	545127	848605	2756676	895	1446	864	847	337	360	328	380	352	369	364	775	83	95	34	20	105	113	23	12	0
*	*	3p	+	66	752081	505848	494791	782954	2535674	846	1398	810	805	281	345	282	307	298	393	335	668	91	93	15	19	110	138	19	14	0
*	*	3p	+	67	695141	464352	454798	720444	2334735	687	1214	736	707	283	361	259	308	281	342	260	581	75	66	20	19	94	124	15	23	0
*	*	3p	+	68	647872	428568	419999	656492	2152931	674	1191	653	717	284	306	296	281	231	299	273	559	67	76	14	20	88	103	14	17	0
*	*	3p	+	69	592311	397636	391297	606593	1987837	643	1066	594	594	244	250	268	247	239	264	248	573	59	71	14	12	108	85	14	10	0
*	*	3p	+	70	541194	367141	358150	571889	1838374	624	1016	534	616	216	258	227	245	190	243	254	473	53	62	6	17	82	82	3	12	0
*	*	3p	-	1	12668308	9126346	8853498	12662840	43310992	32444	13202	13199	18203	5738	7235	5241	9422	6092	7910	4926	9526	840	884	296	239	2230	2263	600	650	43317062
*	*	3p	-	2	12620552	9224213	8892094	12573141	43310000	25467	13554	12150	17180	5465	6450	4683	7514	5345	6967	4507	9396	1259	1474	508	422	2543	2832	657	705	43317062
*	*	3p	-	3	13529560	8519437	9389329	11872155	43310481	25895	12585	12924	14309	4768	5872	5066	7539	5158	6433	4342	9115	1501	1460	541	537	2646	2353	555	711	43317062
*	*	3p	-	4	13371035	8976107	9256036	11707250	43310428	24610	11794	11682	14160	4969	4886	5052	6971	5047	5869	4892	9011	1546	1867	681	553	2493	2595	562	639	43317062
*	*	3p	-	5	12508354	9274723	9407161	12120688	43310926	21458	11709	11603	14346	4293	4125	4886	6003	4898	5444	4858	8471	1608	2009	726	566	2252	2745	552	559	43317062
*	*	3p	-	6	12447731	9344443	9180619	12338759	43311552	18847	11004	11925	13740	4340	4548	4382	5604	4978	5294	3927	7941	1656	1946	712	565	2181	2346	452	509	0
*	*	3p	-	7	12286621	9329383	9353605	12341991	43311600	17913	11116	11831	13550	4315	4456	4327	5247	4833	4940	4141	7732	1640	1895	664	539	2112	2173	431	439	0
*	*	3p	-	8	12402735	9289711	9275782	12343375	43311603	17482	10841	11668	12949	4403	4418	4303	5341	4709	4531	4273	7762	1676	1870	685	558	2099	2136	459	489	0
*	*	3p	-	9	12314322	9379395	9454639	12163718	43312074	17206	10972	11863	12262	4366	4223	4487	5461	4588	4522	4521	8274	1664	1699	704	565	2066	2031	419	445	0
*	*	3p	-	10	12175442	9309842	9512140	12314498	43311922	17307	11125	11224	12940	4251	3682	4536	5331	4838	4696	4393	8119	1706	1885	668	582	2046	2200	409	465	0
*	*	3p	-	11	12216605	9357644	9410851	12326772	43311872	16701	11182	11503	12938	4171	4390	4455	5147	4856	4813	4094	7775	1638	1801	678	566	2056	2055	428	422	0
*	*	3p	-	12	12288312	9401265	9350141	12272232	43311950	16302	11264	11401	12943	4214	4464	4099	5015	4795	4912	3757	7924	1702	1774	677	545	2109	2099	427	441	0
*	*	3p	-	13	12264967	9474462	9488357	12084139	43311925	16407	11809	11529	12205	4389	4398	4471	5107	4501	4358	4185	8377	1690	1706	631	572	2072	1963	469	402	0
*	*	3p	-	14	12142784	9570184	9416085	12182844	43311897	16188	12120	11293	12173	4423	4188	4427	5044	4639	4197	4261	8406	1738	1793	616	537	2096	2229	430	386	0
*	*	3p	-	15	12037741	9618224	9446801	12209160	43311926	16468	13012	11010	12271	4313	3776	4599	5023	4738	4414	4479	8726	1718	1859	611	544	2123	2174	374	439	0
*	*	3p	-	16	12159462	9535574	9355282	12261681	43311999	15969	13085	11146	12302	4199	4283	4335	4906	4668	4871	4102	8501	1729	1730	591	545	2216	2030	390	404	0
*	*	3p	-	17	12274229	9424852	9280055	12332829	43311965	15461	14016	11235	12602	4381	4513	4270	4943	4593	4757	4048	8398	1735	1585	566	516	2162	2033	425	450	0
*	*	3p	-	18	12415035	9425841	9314801	12156347	43312024	15268	14258	11585	11939	4461	4246	4305	5073	4352	4265	4093	8770	1708	1674	556	470	2127	2119	394	373	0
*	*	3p	-	19	12242779	9493519	9433027	12142908	43312233	15404	14979	11100	11654	4378	4156	4423	5224	4442	4110	4329	9404	1696	1634	553	496	2060	1968	392	383	0
*	*	3p	-	20	12237919	9304428	9464559	12305366	43312272	15663	15596	11049	11889	4171	3873	4506	4982	4718	4571	4452	9738	1645	1547	542	497	2017	1930	409	412	0
*	*	3p	-	21	12292112	9241132	9320942	12268090	43122276	15023	15653	11290	12136	4506	4194	4438	4859	4533	4715	3957	9372	1592	1427	519	532	1950	1852	421	358	0
*	*	3p	-	22	12255892	9236190	9145103	12235425	42872610	13840	16125	11034	11932	4445	4417	4193	4813	4347	4667	3871	9076	1522	1498	554	503	1943	1754	382	389	0
*	*	3p	-	23	12187988	9144616	9096869	12126618	42556091	13787	16112	11201	11433	4590	4448	4365	4882	4280	4263	4172	9140	1493	1502	477	526	1820	1862	388	381	0
*	*	3p	-	24	12008947	9042872	9021694	12083303	42156816	13873	16187	10718	11247	4530	4129	4468	4911	4400	4266	4247	9210	1421	1411	528	502	1746	1760	367	386	0
*	*	3p	-	25	11790013	8959143	8956681	11954797	41660634	13440	16887	10567	11573	4251	3973	4585	4799	4277	4481	4306	9205	1374	1354	503	463	1690	1664	392	390	0
*	*	3p	-	26	11790837	8719005	8735559	11809734	41055135	12761	16333	10565	11580	4644	4261	4188	4662	4346	4625	4065	9037	1306	1260	519	492	1637	1618	368	339	0
*	*	3p	-	27	11601035	8515629	8579970	11638464	40335098	12319	16359	10732	10964	4438	4214	4026	4638	4145	4570	3791	8667	1307	1235	480	490	1642	1521	305	308	0
*	*	3p	-	28	11452315	8343971	8347823	11353657	39497766	11991	16105	10668	10452	4468	4308	4037	4552	3933	4027	3951	8877	1170	1144	444	510	1462	1379	297	310	0
*	*	3p	-	29	11152868	8148111	8136260	11107005	38544244	12177	16633	10033	10231	4466	4002	4133	4542	3941	3862	4283	8853	1135	1168	456	454	1416	1454	364	302	0
*	*	3p	-	30	10676407	7904926	7873821	11031657	37486811	11413	16164	9754	10126	3971	3716	4002	4512	4004	4182	3943	8693	1052	1171	445	435	1346	1431	336	317	0
*	*	3p	-	31	10415922	7634128	7598760	10688019	36336829	10971	15515	9930	9997	4151	3943	3830	4047	4007	4206	3563	8314	953	1006	390	415	1271	1232	317	289	0
*	*	3p	-	32	10159795	7328142	7221140	10395777	35104854	10144	15504	9528	9957	4247	4123	3579	3958	3813	4288	3471	7919	899	948	404	365	1187	1167	295	258	0
*	*	3p	-	33	9858040	7040601	6935676	9957673	33791990	10006	14951	9544	8919	4074	4074	3647	4116	3555	3720	3592	7814	935	832	383	346	1169	1066	298	288	0
*	*	3p	-	34	9382397	6737565	6765667	9519539	32405168	9532	14497	8759	8534	3771	3614	3684	3688	3484	3523	3658	7683	805	810	371	356	1005	1042	313	263	0
*	*	3p	-	35	8926544	6474146	6435204	9131316	30967210	9510	14083	8135	8639	3518	3096	3568	3751	3465	3651	3490	7696	704	829	347	377	949	1000	262	241	0
*	*	3p	-	36	8615166	6037517	6075988	8762177	29490848	8649	13652	8266	8335	3519	3363	3293	3414	3413	3809	3011	7054	737	744	303	291	886	930	261	223	0
*	*	3p	-	37	8194851	5717248	5726849	8335168	27974116	8168	13088	7772	8039	3380	3399	2989	3303	3115	3543	2808	6571	671	689	343	310	809	915	261	215	0
*	*	3p	-	38	7841507	5408736	5382208	7795698	26428149	7793	12050	7532	7218	3172	3359	3060	3173	2767	3101	2887	6230	595	641	278	281	771	813	185	215	0
*	*	3p	-	39	7301282	5117025	5094904	7357123	24870334	7620	11858	6730	6863	3080	3017	2782	2898	2818	2886	2845	6126	551	563	297	262	677	731	181	178	0
*	*	3p	-	40	6817957	4753363	4763741	6988019	23323080	7092	11261	6420	6676	2789	2628	2646	2952	2586	2943	2737	5976	492	549	232	249	666	704	194	167	0
*	*	3p	-	41	6427641	4415153	4396836	6571913	21811543	6557	10235	6277	6423	2647	2771	2420	2669	2565	2938	2269	5361	471	489	249	247	571	617	168	148	0
*	*	3p	-	42	6035462	4129616	4075608	6102241	20342927	5961	9976	5865	5909	2607	2727	2222	2512	2252	2766	2117	4859	433	385	203	219	563	488	177	155	0
*	*	3p	-	43	5601394	3872437	3801044	5644761	18919636	5713	9373	5631	5427	2437	2507	2285	2398	2071	2288	2148	4728	388	393	227	207	475	489	168	128	0
*	*	3p	-	44	5139315	3585203	3589058	5243884	17557460	5355	8638	4969	4960	2221	2296	2093	2198	2032	2084	2071	4561	348	338	196	201	420	450	139	138	0
*	*	3p	-	45	4734511	3312392	3328006	4881277	16256186	4941	8163	4698	4811	2038	1984	2083	2152	1869	2139	1990	4044	323	311	151	155	370	405	129	120	0
*	*	3p	-	46	4427099	3022838	3019352	4542979	15012268	4578	7551	4489	4482	1866	2016	1772	1973	1944	2098	1642	3702	281	290	144	148	402	386	96	105	0
*	*	3p	-	47	4095738	2810735	2756576	4170176	13833225	4071	6998	4060	4105	1774	1852	1550	1866	1624	1935	1584	3390	271	274	112	131	309	339	102	79	0
*	*	3p	-	48	3780689	2583255	2547458	3802254	12713656	3939	6425	3886	3757	1699	1876	1616	1670	1512	1612	1578	3166	260	278	117	143	299	362	82	84	0
*	*	3p	-	49	3455365	2364118	2344406	3496974	11660863	3703	5985	3440	3523	1557	1620	1420	1529	1298	1427	1454	2946	227	223	112	95	284	294	74	85	0
*	*	3p	-	50	3133951	2165873	2139114	3238275	10677213	3412	5663	3161	3393	1382	1397	1312	1489	1351	1496	1339	2955	203	181	95	105	245	253	71	70	0
*	*	3p	-	51	2890057	1968410	1959818	2947980	9766265	2994	5065	2978	3031	1295	1366	1175	1363	1176	1470	1158	2498	166	195	105	89	242	248	68	55	0
*	*	3p	-	52	2658347	1780947	1769348	2718616	8927258	2776	4704	2803	2766	1204	1324	1073	1194	1042	1357	994	2294	143	153	80	85	179	192	57	42	0
*	*	3p	-	53	2432814	1638660	1628777	2452650	8152901	2590	4324	2681	2508	1137	1287	1089	1180	988	1047	1070	2137	130	134	79	64	150	184	39	52	0
*	*	3p	-	54	2206794	1498974	1495596	2243755	7445119	2525	3902	2373	2227	1014	1103	912	1099	912	983	952	2030	101	113	57	58	139	165	37	26	0
*	*	3p	-	55	1985247	1377883	1371749	2060716	6795595	2207	3769	2065	2173	850	899	852	1018	815	983	966	1803	95	97	41	47	110	146	36	35	0
*	*	3p	-	56	1831533	1244836	1236706	1887429	6200504	1870	3298	2033	2010	896	921	846	889	794	895	713	1624	80	104	43	46	131	149	37	34	0
*	*	3p	-	57	1688343	1132144	1116411	1720215	5657113	1666	2977	1888	1793	797	878	718	810	707	861	677	1514	82	89	35	42	120	126	39	23	0
*	*	3p	-	58	1549781	1029783	1027439	1551930	5158933	1718	2890	1700	1644	679	778	660	723	659	709	655	1340	77	97	30	29	119	100	26	21	0
*	*	3p	-	59	1404901	939263	939926	1419241	4703331	1557	2675	1530	1420	593	790	627	678	591	632	639	1246	80	84	39	36	91	109	28	18	0
*	*	3p	-	60	1265927	858714	854485	1309809	4288935	1396	2315	1345	1372	550	571	525	606	556	628	542	1173	62	84	44	29	91	123	27	29	0
*	*	3p	-	61	1167328	783951	767567	1196887	3915733	1264	2158	1226	1237	538	642	539	566	465	638	483	1002	63	58	22	35	75	95	16	18	0
*	*	3p	-	62	1067138	713788	696236	1100004	3577166	1160	1900	1136	1136	482	542	434	500	458	555	419	932	75	67	24	27	88	93	12	13	0
*	*	3p	-	63	980264	654073	643021	995800	3273158	1105	1739	1142	1005	454	487	399	428	410	438	404	801	52	69	32	33	73	85	13	19	0
*	*	3p	-	64	896123	600269	592101	912207	3000700	1003	1639	952	903	402	450	450	420	351	391	383	831	50	53	24	23	56	59	8	18	0
*	*	3p	-	65	815794	551104	544725	843490	2755113	991	1516	808	878	406	379	354	376	372	377	354	724	47	44	21	32	55	70	15	10	0
*	*	3p	-	66	758083	503564	495710	775896	2533253	801	1353	829	817	329	319	352	349	321	397	340	656	49	58	19	19	65	67	13	18	0
*	*	3p	-	67	700540	462301	455548	714359	2332748	769	1199	719	748	318	336	259	331	291	343	278	599	51	46	19	17	64	42	10	10	0
*	*	3p	-	68	651188	427761	421178	650734	2150861	703	1126	720	660	293	322	311	301	251	294	268	552	29	43	20	14	51	49	11	7	0
*	*	3p	-	69	595108	394972	393798	602453	1986331	666	1061	614	633	241	321	241	264	261	271	294	593	27	26	15	8	29	35	9	6	0
*	*	3p	-	70	543902	366153	358556	568421	1837032	626	1094	558	630	247	215	275	295	225	256	252	506	34	19	12	10	52	47	6	2	0
*	*	5p	+	1	12609172	8837896	9119589	12734216	43300873	11719	30532	12812	12250	5816	5890	4545	5529	5078	6143	4562	11428	738	791	200	202	1474	1690	388	358	43304834
*	*	5p	+	2	12532733	8891906	9229911	12645749	43300299	11255	24054	12623	11847	5374	5240	4360	5421	5051	5646	4084	10057	1127	1056	249	253	1942	1823	368	369	43304834
*	*	5p	+	3	11857731	9381736	8530074	13531147	43300688	10584	24862	11145	12220	5209	4963	4223	4658	4440	5383	4656	10793	994	1187	333	300	1537	1846	396	344	43304834
*	*	5p	+	4	11678836	9251114	8979596	13390840	43300386	10531	23728	11307	11743	5241	4668	4683	5177	4589	4413	4793	11023	1297	1243	338	335	1948	1738	397	337	43304834
*	*	5p	+	5	12080519	9399613	9279700	12540496	43300328	10498	20355	12103	11276	5071	4374	4745	4823	4223	3782	4669	9891	1466	1213	393	375	2083	1606	386	409	43304834
*	*	5p	+	6	12287244	9211613	9337037	12464488	43300382	10028	18240	11799	11824	5152	4575	4220	4339	4633	4220	4154	9829	1385	1282	388	393	1862	1725	439	376	0
*	*	5p	+	7	12306236	9378903	9315189	12300058	43300386	10329	17100	12211	11530	4973	4313	4604	4120	4934	4264	4211	9556	1394	1359	396	431	1816	1785	388	437	0
*	*	5p	+	8	12310662	9310439	9274775	12404440	43300316	10229	17310	11199	11372	4768	3931	4373	4172	4586	4389	4364	9684	1425	1427	409	462	1815	1868	404	408	0
*	*	5p	+	9	12144194	9462479	9353065	12340642	43300380	10330	16982	10994	11613	4598	4153	4631	4511	4416	4157	4508	10481	1370	1415	440	500	1759	1880	413	380	0
*	*	5p	+	10	12281295	9526321	9277483	12214971	43300070	10393	17169	11613	11170	4850	4237	4436	4504	4157	3765	4402	10216	1544	1550	480	460	1991	1917	418	414	0
*	*	5p	+	11	12293088	9422163	9329472	12255361	43300084	10415	16221	12046	11493	4549	4392	4418	4192	4653	4313	4384	9722	1524	1537	453	503	1874	1997	385	429	0
*	*	5p	+	12	12244721	9368938	9379886	12306552	43300097	10702	15916	11837	11734	4434	4370	4323	4023	4663	4412	4053	9925	1515	1547	464	448	1911	1982	402	409	0
*	*	5p	+	13	12059343	9512496	9444086	12284194	43300119	11248	16289	11162	11716	4280	3895	4438	4106	4392	4444	4384	9916	1493	1540	490	479	1845	2019	415	401	0
*	*	5p	+	14	12149403	9442469	9551104	12156865	43299841	11559	16103	11323	11388	4279	3808	4680	4318	4492	4077	4289	9914	1669	1739	464	491	2051	2053	420	426	0
*	*	5p	+	15	12184921	9459110	9592855	12063013	43299899	12439	16378	11671	11283	4324	4031	4622	4530	4341	3836	4425	9886	1585	1737	463	490	2045	2079	385	411	0
*	*	5p	+	16	12219549	9387467	9521243	12171704	43299963	12836	15774	11381	11420	4627	4442	4142	4156	4126	4247	4189	9664	1471	1749	483	469	1861	2187	386	415	0
*	*	5p	+	17	12295211	9307560	9411477	12285533	43299781	13847	15535	11424	11639	4357	4352	3951	4082	4419	4465	4130	9552	1491	1677	414	437	1901	2293	396	441	0
*	*	5p	+	18	12139961	9337663	9405713	12416337	43299674	14151	15617	10765	11919	4192	3888	4199	4283	4247	4272	4192	9815	1522	1723	428	468	2108	2261	382	385	0
*	*	5p	+	19	12119013	9443927	9472703	12264228	43299871	14620	15619	10808	11634	4123	3908	4282	4443	4306	4043	4438	9596	1437	1643	498	497	1969	2194	372	403	0
*	*	5p	+	20	12286885	9468491	9283012	12261018	43299406	15136	15762	11510	11489	4482	4188	4422	4747	4225	3855	4383	9687	1457	1692	475	465	1890	2195	378	395	0
*	*	5p	+	21	12254044	9323675	9221052	12311047	43109818	15207	15081	11488	12149	4538	4532	3979	4644	4461	4202	4313	9093	1410	1667	526	481	1734	2144	369	405	0
*	*	5p	+	22	12207478	9156962	9210947	12285192	42860579	15790	14122	11421	11740	4530	4211	4011	4486	4586	4324	4079	9167	1505	1638	506	501	1776	2085	372	352	0
*	*	5p	+	23	12106546	9112556	9124584	12200267	42543953	15899	14152	10865	11959	4208	3868	4140	4643	4517	4509	4287	9120	1436	1514	504	472	1944	2042	350	365	0
*	*	5p	+	24	12063419	9036247	9023189	12021774	42144629	16232	14219	10940	11767	4361	3801	4437	4927	4432	4181	4294	9020	1383	1520	504	522	1812	1946	346	364	0
*	*	5p	+	25	11930843	8967852	8934448	11815882	41649025	16410	13776	10961	11489	4179	4161	4302	5126	4207	3921	4431	8923	1289	1441	522	489	1677	1873	368	408	0
*	*	5p	+	26	11776654	8757588	8704918	11806038	41045198	16100	13278	10698	11707	4199	4359	3864	4688	4194	4205	3945	8581	1308	1416	518	478	1756	1859	376	372	0
*	*	5p	+	27	11609827	8592864	8496179	11625805	40324675	16398	12512	10711	11889	4123	4174	3904	4664	4358	4382	3857	8452	1249	1328	511	456	1636	1842	341	348	0
*	*	5p	+	28	11328451	8367459	8330094	11461866	39487870	16135	12336	10214	11837	3895	3763	3983	4827	4465	4579	4006	8327	1239	1244	585	471	1522	1668	329	352	0
*	*	5p	+	29	11089563	8151889	8123627	11167494	38532573	16428	12404	9889	11093	3887	3662	4207	4786	4316	4257	3969	8240	1177	1248	484	453	1502	1554	325	357	0
*	*	5p	+	30	11012972	7876352	7881665	10704317	37475306	16276	11860	10272	10793	4012	3902	4333	4703	4339	3857	4068	8004	1193	1167	523	453	1566	1523	352	367	0
*	*	5p	+	31	10666380	7598109	7614266	10447879	36326634	15691	11438	9826	11209	3895	4089	3693	4562	4079	4265	3764	7612	1031	1094	523	414	1419	1493	325	384	0
*	*	5p	+	32	10366251	7229867	7315393	10185101	35096612	15547	10554	10032	10795	3746	3964	3501	4339	4177	4297	3426	7197	1040	1050	499	440	1335	1408	308	358	0
*	*	5p	+	33	9942349	6946077	7025336	9871197	33784959	15010	10579	9029	10795	3365	3496	3729	4442	4068	4260	3537	7038	924	1064	477	412	1260	1320	342	354	0
*	*	5p	+	34	9500369	6775264	6722419	9400669	32398721	14771	10082	8546	10138	3480	3424	3642	4498	3704	4046	3552	6770	898	993	509	429	1229	1244	304	322	0
*	*	5p	+	35	9114409	6440779	6459264	8946799	30961251	14249	9672	8578	9606	3352	3393	3513	4636	3419	3583	3384	6572	933	962	488	389	1184	1161	300	327	0
*	*	5p	+	36	8742914	6083366	6026320	8631101	29483701	13501	8938	8191	9483	3206	3523	3038	4124	3399	3797	3114	5923	901	933	446	384	1179	1082	278	294	0
*	*	5p	+	37	8308457	5736542	5703491	8219946	27968436	13366	8535	7944	9094	3035	3393	2847	3745	3270	3739	2899	5756	841	881	436	374	1099	1013	262	298	0
*	*	5p	+	38	7780880	5390664	5402525	7847236	26421305	12416	8048	7128	8789	2713	2961	2885	3818	3143	3697	2895	5336	766	836	394	327	1058	1008	241	248	0
*	*	5p	+	39	7340362	5099522	5103335	7316951	24860170	12111	7890	6974	8008	2763	2693	2994	3871	3131	3265	2725	5125	658	760	398	355	879	917	232	242	0
*	*	5p	+	40	6971057	4765845	4743182	6833500	23313584	11429	7347	6600	7423	2558	2715	2874	3693	2676	3011	2685	4886	674	692	381	319	876	854	192	248	0
*	*	5p	+	41	6554882	4402215	4409079	6436087	21802263	10534	6859	6334	7468	2498	2679	2287	3320	2589	3062	2308	4354	624	611	365	315	740	785	180	201	0
*	*	5p	+	42	6089068	4082072	4119542	6041471	20332153	10205	6219	5813	6922	2240	2602	2116	3068	2568	3002	2165	4199	486	675	340	283	649	692	177	210	0
*	*	5p	+	43	5632773	3802612	3864836	5610050	18910271	9571	5840	5342	6624	2002	2128	2158	2996	2328	3005	2187	3924	476	570	299	261	660	612	168	223	0
*	*	5p	+	44	5228700	3588877	3580318	5151995	17549890	8866	5520	4883	5912	1893	2015	2149	2907	2208	2572	1966	3649	439	457	299	234	652	536	162	192	0
*	*	5p	+	45	4871651	3326845	3306518	4744275	16249289	8438	5274	4892	5481	1860	2046	2013	2748	1820	2360	1961	3412	426	451	258	235	538	538	164	171	0
*	*	5p	+	46	4530009	3023079	3016627	4436093	15005808	7866	4739	4533	5180	1805	2047	1677	2419	1846	2329	1676	3075	407	448	266	207	523	474	150	153	0
*	*	5p	+	47	4160020	2757964	2807062	4101226	13826272	7307	4193	4203	4952	1539	1823	1597	2312	1728	2185	1526	2855	362	427	236	180	522	408	132	159	0
*	*	5p	+	48	3798167	2548518	2577675	3784802	12709162	6554	4037	3823	4538	1416	1548	1550	2068	1686	2145	1495	2688	368	384	235	171	469	420	136	143	0
*	*	5p	+	49	3490403	2346627	2361301	3457903	11656234	6151	3832	3372	4167	1335	1442	1473	2037	1501	1847	1407	2502	337	372	210	169	455	454	132	112	0
*	*	5p	+	50	3230216	2140069	2162280	3140231	10672796	5884	3465	3339	3651	1341	1470	1406	1994	1371	1700	1294	2271	297	379	200	146	395	363	115	127	0
*	*	5p	+	51	2943601	1956993	1967550	2893660	9761804	5154	3060	3048	3566	1160	1412	1212	1708	1222	1640	1186	2066	265	309	177	161	349	341	89	134	0
*	*	5p	+	52	2712498	1770573	1778333	2662284	8923688	4931	2964	2864	3229	1014	1334	1013	1546	1209	1614	1058	1805	265	272	161	122	324	324	102	90	0
*	*	5p	+	53	2447289	1628618	1637905	2435722	8149534	4620	2703	2489	2996	980	1100	1028	1470	1155	1487	1069	1737	231	256	154	132	349	271	99	108	0
*	*	5p	+	54	2238703	1496468	1496416	2210974	7442561	4076	2615	2317	2788	907	1045	1040	1512	1022	1393	915	1664	212	224	138	108	298	245	91	99	0
*	*	5p	+	55	2058072	1370437	1375172	1989286	6792967	4057	2322	2258	2410	856	1042	991	1370	934	1213	908	1538	173	194	113	99	254	218	84	79	0
*	*	5p	+	56	1886689	1235829	1242264	1833350	6198132	3634	2041	2064	2302	783	919	788	1165	831	1160	820	1376	133	178	116	88	268	212	77	93	0
*	*	5p	+	57	1719991	1116259	1129731	1691642	5657623	3206	1825	1925	2189	765	894	756	1122	803	1130	697	1222	143	171	96	88	251	200	39	78	0
*	*	5p	+	58	1550398	1027992	1028150	1552892	5159432	2977	1789	1737	1929	647	763	719	985	695	1048	632	1065	110	150	106	75	226	178	59	75	0
*	*	5p	+	59	1419079	940251	938354	1405910	4703594	2808	1620	1538	1772	599	638	587	932	608	984	579	1029	133	152	96	63	195	187	55	57	0
*	*	5p	+	60	1308545	854083	858328	1268584	4289540	2473	1426	1425	1548	522	658	565	876	561	821	538	907	129	130	78	76	190	137	63	62	0
*	*	5p	+	61	1194253	769209	781913	1170817	3916192	2312	1353	1257	1519	508	639	506	736	570	814	478	798	95	134	78	50	160	153	66	40	0
*	*	5p	+	62	1099127	698025	713069	1068550	3578771	2022	1217	1174	1338	426	539	466	740	491	754	497	757	91	127	62	68	152	114	46	66	0
*	*	5p	+	63	995777	643515	653877	981103	3274272	1877	1145	1110	1298	400	472	437	623	474	630	481	712	100	123	67	52	167	117	38	48	0
*	*	5p	+	64	911299	593316	601215	896132	3001962	1737	1027	897	1099	360	425	413	646	417	611	403	617	80	91	75	51	139	124	45	49	0
*	*	5p	+	65	844213	544515	551130	816745	2756603	1586	1005	956	929	372	416	368	563	405	547	336	573	65	87	58	43	145	104	43	33	0
*	*	5p	+	66	776217	495805	504535	759115	2535672	1513	826	905	972	342	396	359	501	389	508	344	505	80	89	47	34	118	88	37	38	0
*	*	5p	+	67	712995	455409	463443	702892	2334739	1251	786	812	901	305	346	272	460	299	481	280	483	63	93	41	33	97	89	40	30	0
*	*	5p	+	68	652154	421766	427744	651260	2152924	1265	697	693	818	260	319	292	452	327	487	328	447	58	53	41	37	75	90	30	33	0
*	*	5p	+	69	602923	394132	394377	596412	1987844	1164	705	661	745	268	247	283	434	277	478	276	423	48	68	51	34	77	81	22	24	0
*	*	5p	+	70	569038	357958	365717	545642	1838355	1137	606	638	665	235	293	259	378	231	366	295	406	46	73	32	26	71	77	24	23	0
*	*	5p	-	1	12648220	8843716	9120616	12703270	43315822	11843	30586	12699	12602	6106	6038	4773	5646	5058	5812	4725	11531	124	101	141	111	332	321	261	285	43317062
*	*	5p	-	2	12578059	8890110	9227066	12620527	43315762	11291	24064	12900	12027	5577	5504	4544	4984	5142	5560	4320	9562	179	188	176	158	408	338	273	244	43317062
*	*	5p	-	3	11882420	9392356	8536966	13503946	43315688	10747	25211	11159	12404	5333	5174	4493	4788	4498	4845	4863	10639	238	202	203	219	386	406	291	260	43317062
*	*	5p	-	4	11714283	9256906	8973832	13370582	43315603	10264	23554	11641	11755	5460	4836	4997	4741	4586	4396	4917	10665	289	253	233	235	382	448	318	279	43317062
*	*	5p	-	5	12116865	9411580	9268570	12518551	43315566	10501	20509	12106	11128	5427	5015	5081	4925	4558	4305	4799	9844	328	328	230	276	420	491	279	278	43317062
*	*	5p	-	6	12321422	9219967	9343407	12430724	43315520	10381	18601	12421	11518	5243	5001	4505	4493	4749	4549	4422	9766	391	387	273	287	441	511	285	241	0
*	*	5p	-	7	12342270	9376707	9314534	12281918	43315429	10252	17436	12129	11907	5105	4798	4785	4421	5065	4618	4351	9751	435	425	316	322	493	558	305	257	0
*	*	5p	-	8	12341671	9322408	9267337	12383831	43315247	10042	17468	11420	11781	4808	4264	4534	4491	4696	4819	4329	9835	492	499	305	322	557	644	286	303	0
*	*	5p	-	9	12179530	9471346	9352163	12312078	43315117	10468	17076	11313	11500	4898	4155	4725	4698	4440	4318	4504	10246	521	575	317	348	623	696	343	263	0
*	*	5p	-	10	12320460	9549616	9270288	12174489	43314853	10671	17295	11494	11380	5147	4494	4801	4830	4393	4196	4545	10008	636	616	349	353	741	820	326	300	0
*	*	5p	-	11	12334571	9429616	9326506	12223816	43314509	10505	16644	11950	11563	4815	4546	4738	4589	4729	4511	4307	9705	682	730	356	384	897	948	345	292	0
*	*	5p	-	12	12287169	9366146	9376717	12284274	43314306	10772	16171	11850	11918	4561	4595	4419	4133	4755	4572	4072	9919	756	783	340	373	1000	1042	350	343	0
*	*	5p	-	13	12089503	9517432	9441658	12265414	43314007	11283	16241	11299	11725	4278	4010	4563	4368	4490	4567	4556	9780	794	871	379	358	1222	1134	326	346	0
*	*	5p	-	14	12181142	9459236	9538970	12134529	43313877	11999	16362	11384	11500	4448	4155	4681	4399	4500	4230	4152	10180	967	917	383	403	1254	1232	307	352	0
*	*	5p	-	15	12219922	9471098	9590346	12032468	43313834	12370	16630	11412	11262	4687	4219	4816	4620	4325	3932	4568	9945	1039	1007	408	421	1265	1280	350	312	0
*	*	5p	-	16	12248499	9391408	9526975	12146685	43313567	12929	16253	11532	11687	4737	4593	4311	4466	4311	4253	4325	9638	1037	1003	400	416	1425	1354	363	332	0
*	*	5p	-	17	12333369	9306942	9410133	12262962	43313406	13720	15714	11463	11823	4582	4555	3994	4214	4268	4501	4058	9556	1190	1042	399	398	1455	1452	363	355	0
*	*	5p	-	18	12166866	9339827	9404693	12401943	43313329	13791	15533	10950	12043	4111	4092	4359	4418	4256	4442	4138	9562	1179	1079	442	410	1543	1493	336	338	0
*	*	5p	-	19	12144723	9459377	9476584	12232485	43313169	14754	15461	10615	11688	4261	3905	4544	4780	4411	4217	4387	9627	1296	1167	374	448	1628	1529	359	349	0
*	*	5p	-	20	12317647	9484891	9280849	12229132	43312519	14919	15866	10996	11585	4548	4367	4661	4870	4116	3962	4342	9442	1277	1153	426	444	1657	1572	398	343	0
*	*	5p	-	21	12282321	9325635	9226603	12288112	43122671	15446	15145	11352	12025	4514	4526	4134	4826	4556	4249	4219	9017	1423	1244	454	454	1817	1616	399	350	0
*	*	5p	-	22	12236579	9152881	9214981	12268350	42872791	15672	14242	11065	11974	4577	4394	4075	4477	4560	4455	4048	9176	1364	1313	455	475	1821	1709	378	379	0
*	*	5p	-	23	12139271	9116082	9119666	12181164	42556183	15706	14409	10825	12123	4244	3958	4238	4962	4506	4495	4347	8989	1396	1289	496	517	1839	1767	367	384	0
*	*	5p	-	24	12096484	9042356	9021405	11996397	42156642	15888	14061	10817	12114	4352	4052	4615	5105	4474	4202	4091	8784	1419	1424	515	488	1845	1806	358	399	0
*	*	5p	-	25	11960415	8981548	8934867	11783382	41660212	16223	13726	10842	11803	4381	4336	4282	5149	4231	4009	4218	9022	1479	1397	514	526	1880	1906	381	391	0
*	*	5p	-	26	11816096	8760469	8710431	11767546	41054542	16262	13296	10616	11937	4277	4421	3927	4947	4219	4305	3920	8533	1490	1454	552	502	1945	1881	358	375	0
*	*	5p	-	27	11634400	8594708	8496717	11608523	40334348	16249	12625	10545	12053	4216	4336	3822	4671	4328	4350	3896	8301	1567	1521	530	505	1853	1926	392	358	0
*	*	5p	-	28	11365096	8371151	8318178	11442081	39496506	16372	12434	10061	12075	3988	3779	4009	4813	4365	4503	3935	8386	1552	1526	558	560	1959	1961	404	376	0
*	*	5p	-	29	11120244	8161446	8116230	11145182	38543102	16114	12617	9720	11436	3896	3797	4255	5007	4280	4300	3817	7848	1557	1575	542	496	1979	1969	382	364	0
*	*	5p	-	30	11040383	7894615	7874735	10675614	37485347	16280	12150	10321	11159	4168	3990	4330	4986	4291	3865	3922	7864	1620	1608	553	531	2042	2072	389	380	0
*	*	5p	-	31	10692220	7606088	7621080	10415735	36335123	15601	11399	9833	11129	3912	4003	3618	4715	4094	4263	3640	7412	1543	1547	524	518	2013	2041	357	417	0
*	*	5p	-	32	10394635	7230632	7314315	10163219	35102801	15448	10688	9866	10887	3706	4080	3573	4390	4039	4088	3424	7057	1636	1685	549	484	2031	2127	415	388	0
*	*	5p	-	33	9968837	6949666	7018333	9853167	33790003	14969	10341	8910	10589	3385	3467	3642	4514	3990	4212	3612	6883	1546	1587	536	515	2041	2039	360	366	0
*	*	5p	-	34	9529008	6780717	6722219	9371114	32403058	14677	10058	8681	10181	3466	3374	3674	4611	3691	3996	3307	6606	1498	1647	561	513	1975	2031	369	358	0
*	*	5p	-	35	9139211	6446480	6455445	8923852	30964988	14554	9610	8377	9575	3324	3455	3581	4561	3374	3551	3254	6558	1469	1636	523	464	1949	2046	337	333	0
*	*	5p	-	36	8771520	6083295	6028945	8604330	29488090	13362	9184	8349	9289	3303	3661	3090	4087	3253	3845	2995	5799	1410	1591	504	479	1773	1931	330	356	0
*	*	5p	-	37	8327230	5732922	5704507	8207385	27972044	12966	8513	7910	8985	3091	3376	2850	3911	3238	3746	2711	5701	1431	1489	494	429	1722	1861	319	366	0
*	*	5p	-	38	7808403	5391957	5402892	7822764	26426016	12452	8103	7186	8747	2704	2928	2884	3868	3234	3646	2746	5344	1319	1362	492	439	1677	1822	316	299	0
*	*	5p	-	39	7367810	5102403	5104565	7292885	24867663	12102	7960	7013	7944	2832	2863	3060	3936	3163	3404	2626	5205	1196	1371	468	396	1597	1707	308	291	0
*	*	5p	-	40	6997331	4776216	4741997	6805562	23321106	11523	7554	6587	7510	2558	2869	2709	3750	2609	3037	2496	4891	1180	1317	449	373	1525	1637	259	280	0
*	*	5p	-	41	6580623	4405699	4410949	6412163	21809434	10645	6695	6144	7234	2445	2887	2298	3373	2484	3060	2287	4324	1136	1205	409	334	1462	1597	274	281	0
*	*	5p	-	42	6109048	4080556	4128502	6022770	20340876	10010	6242	5821	6901	2217	2696	2060	2999	2394	2995	2027	4097	1043	1141	414	345	1465	1506	230	239	0
*	*	5p	-	43	5654992	3798867	3864498	5599202	18917559	9577	5740	5213	6445	2008	2196	2089	3127	2345	2825	2085	3954	1014	1174	383	313	1377	1446	245	262	0
*	*	5p	-	44	5253692	3589664	3581768	5130498	17555622	9004	5642	4830	5798	2005	2160	2134	2923	2036	2528	1947	3661	956	1056	400	291	1278	1297	192	219	0
*	*	5p	-	45	4892605	3331536	3305235	4725017	16254393	8424	5305	4838	5469	1864	2078	1975	2807	1883	2314	1975	3472	888	962	346	288	1097	1254	221	243	0
*	*	5p	-	46	4547804	3026512	3019296	4417031	15010643	7592	4747	4469	4964	1770	2087	1714	2621	1817	2354	1628	3124	773	970	339	244	1127	1133	179	164	0
*	*	5p	-	47	4170553	2756940	2810496	4093336	13831325	7376	4287	4112	4913	1474	1890	1505	2171	1760	2187	1451	2834	769	871	313	221	999	1070	174	187	0
*	*	5p	-	48	3814774	2545333	2579470	3772608	12712185	6651	3971	3805	4559	1471	1706	1549	2099	1723	2099	1432	2788	683	850	271	212	970	994	143	180	0
*	*	5p	-	49	3503774	2347144	2358793	3449827	11659538	6311	3890	3477	4258	1307	1517	1383	2052	1421	1838	1303	2459	668	718	284	184	875	861	145	181	0
*	*	5p	-	50	3244180	2144222	2164353	3123145	10675900	5715	3472	3257	3794	1368	1541	1373	1973	1253	1605	1325	2230	564	676	236	194	847	839	136	130	0
*	*	5p	-	51	2960531	1954139	1968489	2881921	9765080	5305	3119	3011	3510	1177	1511	1197	1740	1246	1686	1175	2003	550	662	211	189	720	749	153	170	0
*	*	5p	-	52	2722662	1769924	1783252	2650180	8926018	4921	2812	2745	3218	1036	1365	965	1592	1188	1578	987	1818	503	573	190	164	739	701	136	135	0
*	*	5p	-	53	2458013	1627599	1638564	2427616	8151792	4681	2680	2605	3020	996	1128	1004	1554	1188	1493	1002	1727	458	519	195	189	607	654	143	128	0
*	*	5p	-	54	2251226	1496804	1499696	2196369	7444095	4204	2631	2232	2690	933	1072	1059	1499	983	1361	965	1558	420	486	198	142	584	571	103	138	0
*	*	5p	-	55	2070485	1370487	1377483	1976205	6794660	3930	2386	2258	2389	883	1037	1040	1403	846	1227	821	1519	379	430	162	111	499	543	115	102	0
*	*	5p	-	56	1897442	1236495	1241581	1824155	6199673	3623	2085	2127	2277	833	1066	773	1227	804	1140	805	1322	285	382	150	119	508	492	91	88	0
*	*	5p	-	57	1723688	1115307	1133456	1683897	5656348	3313	1872	1905	2094	689	967	666	1052	764	1187	687	1279	326	368	167	88	462	427	79	106	0
*	*	5p	-	58	1559518	1025408	1028753	1544551	5158230	2989	1788	1663	2018	613	808	771	1003	707	1053	691	1081	269	340	113	116	417	413	71	91	0
*	*	5p	-	59	1428017	939366	937281	1398002	4702666	2699	1654	1554	1813	598	725	635	968	621	992	637	1069	296	305	108	86	402	360	72	71	0
*	*	5p	-	60	1315468	853880	860482	1258544	4288374	2554	1573	1478	1515	598	659	583	937	548	795	588	974	231	294	102	100	362	337	55	74	0
*	*	5p	-	61	1201062	765946	783435	1164720	3915163	2266	1322	1273	1441	496	669	505	763	572	842	484	805	253	269	115	64	332	290	55	96	0
*	*	5p	-	62	1105893	696257	714447	1060024	3576621	2080	1242	1229	1275	493	563	449	673	492	734	421	764	196	227	93	53	301	323	50	73	0
*	*	5p	-	63	1000158	640020	654952	977539	3272669	1896	1148	1058	1223	439	481	471	653	481	658	434	754	194	208	72	74	267	289	48	75	0
*	*	5p	-	64	916511	591672	601987	890081	3000251	1716	1080	926	1069	380	496	459	680	384	617	393	627	191	190	70	55	272	237	46	38	0
*	*	5p	-	65	848042	544617	551196	810888	2754743	1575	935	940	1011	402	414	402	569	361	545	366	649	165	168	64	63	216	218	31	54	0
*	*	5p	-	66	781362	493762	505134	752695	2532953	1456	864	877	894	358	440	387	549	330	509	289	535	156	168	64	52	200	192	38	34	0
*	*	5p	-	67	718998	453403	462970	697062	2332433	1256	762	753	909	314	401	259	486	357	528	254	504	134	166	53	54	202	167	36	36	0
*	*	5p	-	68	655897	419501	427947	647206	2150551	1246	760	737	781	301	345	296	484	325	477	309	464	138	128	61	30	180	167	44	37	0
*	*	5p	-	69	606450	391663	396692	591215	1986020	1135	710	682	709	302	294	281	427	264	380	229	387	117	111	56	45	191	137	31	29	0
*	*	5p	-	70	571706	357902	365940	541236	1836784	1117	653	650	638	232	311	228	391	229	368	235	369	122	119	50	26	157	143	29	26	0
