Sample	Library	End	Std	Pos	A	C	G	T	Total	G>A	C>T	A>G	T>C	A>C	A>T	C>G	C>A	T>G	T>A	G>C	G>T	A>-	T>-	C>-	G>-	->A	->T	->C	->G	S
*	*	3p	+	1	2514686	1522957	2672447	2456014	9166104	611884	4078	4151	8947	1877	3164	1966	5069	2598	5509	1155	2016	0	0	0	0	0	0	0	0	10
*	*	3p	+	2	3142620	1786989	1676422	2597364	9203395	327128	4811	2377	7245	2059	2878	977	4705	1646	4765	1250	2223	2	2	2	3	3	3	2	3	9
*	*	3p	+	3	2710376	1699419	2019734	2768945	9198474	303628	4352	2541	5835	1644	2662	1227	4372	1591	3498	1267	2299	9	7	5	4	10	8	2	3	8
*	*	3p	+	4	2761530	1704159	1936453	2791649	9193791	242965	4134	2387	5116	1474	2120	1135	4489	1525	2926	1175	1970	8	17	2	5	17	24	11	7	3
*	*	3p	+	5	2613790	1913713	1821139	2849738	9198380	188193	3867	2018	5482	1634	1940	1007	3512	1315	2772	1178	1982	13	7	8	16	46	41	21	32	0
*	*	3p	+	6	2764730	1855745	1888375	2810170	9319020	170742	3585	3248	4723	1330	1713	1298	3305	1395	2478	1286	2265	17	18	22	25	198	124	88	103	0
*	*	3p	+	7	2780938	1857566	1952580	2727818	9318902	159034	3350	2939	4300	1218	1532	1157	2507	1291	2071	1197	2108	64	82	73	86	269	172	117	107	0
*	*	3p	+	8	2973276	1724316	2058154	2563007	9318753	149160	3304	2908	3749	1042	1188	1201	2579	1347	2087	1171	2118	87	122	119	104	360	195	111	141	0
*	*	3p	+	9	3009265	1803016	2003738	2502811	9318830	127041	3080	2986	3747	1238	1097	1230	2484	1164	1755	1200	1844	95	129	139	131	314	167	111	133	0
*	*	3p	+	10	2779536	1883037	2059577	2596825	9318975	112291	3171	2751	3848	977	1017	1261	1988	1155	1776	1183	1862	105	151	178	120	285	188	100	110	0
*	*	3p	+	11	2783371	1848759	2049366	2637604	9319100	99141	2970	2939	3523	1010	1136	1065	1969	1158	1570	1091	1767	105	164	174	139	241	140	82	94	0
*	*	3p	+	12	2737604	1894009	2038394	2649097	9319104	87510	3066	2782	3344	1120	1099	1050	1798	1146	1517	1036	1769	148	129	155	145	182	135	61	81	0
*	*	3p	+	13	2707745	1894519	2050633	2666209	9319106	80176	3040	2824	3297	919	1022	1106	1745	1115	1382	1183	1871	160	160	137	151	217	143	59	70	0
*	*	3p	+	14	2683375	1910839	2084585	2640347	9319146	76040	3125	2820	3186	958	987	1155	1783	1054	1325	1174	1916	144	174	131	154	224	152	50	85	0
*	*	3p	+	15	2661711	1893148	2090848	2673389	9319096	70596	3216	2814	3231	951	997	1140	1734	1218	1468	1089	1793	166	205	148	158	254	181	47	78	0
*	*	3p	+	16	2686032	1897487	2068444	2667061	9319024	67797	3150	2835	3180	938	980	1073	1666	1167	1336	1095	1786	217	226	144	172	242	172	64	80	0
*	*	3p	+	17	2694542	1924676	2057206	2642585	9319009	66847	3028	2837	3124	922	1049	1030	1640	1076	1264	1001	1802	204	224	153	150	297	224	62	59	0
*	*	3p	+	18	2658911	1954648	2073011	2632321	9318891	64475	3243	2778	3015	1007	986	1131	1606	1043	1302	1094	1891	211	247	127	155	308	263	62	67	0
*	*	3p	+	19	2641810	1955095	2076876	2645106	9318887	63756	3376	2795	3066	944	975	1079	1534	1107	1271	1092	1897	254	278	140	173	343	292	62	70	0
*	*	3p	+	20	2628784	1960240	2072967	2656843	9318834	62721	3397	2681	3100	907	919	1070	1634	1115	1357	1026	2021	246	292	126	145	360	310	65	84	0
*	*	3p	+	21	2664848	1940981	2067544	2645433	9318806	61839	3405	2751	2985	965	1001	1053	1527	1092	1329	1074	1949	247	300	124	139	371	329	82	69	0
*	*	3p	+	22	2705274	1917281	2033939	2662331	9318825	60413	3549	2697	2962	1022	1021	1021	1550	1046	1257	978	1901	276	337	126	146	344	338	59	83	0
*	*	3p	+	23	2688106	1920012	2058902	2651807	9318827	59653	3673	2807	2905	926	948	1048	1528	920	1263	1069	2037	249	319	102	176	348	340	63	74	0
*	*	3p	+	24	2670260	1953607	2040597	2654297	9318761	57480	3853	2671	2950	918	964	1095	1538	1079	1177	1027	2042	255	319	135	155	386	373	67	69	0
*	*	3p	+	25	2672041	1930576	2035396	2680754	9318767	54792	3841	2607	3003	874	949	1028	1511	1130	1263	1060	2049	247	313	142	160	342	382	86	77	0
*	*	3p	+	26	2715732	1907206	2041023	2654429	9318390	52987	3851	2785	2849	955	1003	1049	1424	1038	1263	952	1992	258	353	109	153	401	432	63	89	0
*	*	3p	+	27	2727392	1929660	2003798	2657154	9318004	49390	3989	2717	2886	998	1001	1026	1397	987	1170	979	1928	331	357	140	167	391	428	83	78	0
*	*	3p	+	28	2705965	1917328	2046382	2647801	9317476	47854	4037	2694	2803	886	967	1084	1418	1030	1103	1160	2179	305	376	138	134	429	426	64	70	0
*	*	3p	+	29	2680175	1933315	2037508	2665855	9316853	45097	4168	2685	2842	951	1008	1055	1467	1049	1166	1078	2137	325	405	117	137	424	428	70	86	0
*	*	3p	+	30	2646183	1938783	2020935	2710088	9315989	42444	4460	2635	2913	944	938	1019	1371	1146	1323	1029	2074	324	388	97	143	419	450	74	81	0
*	*	3p	+	31	2689092	1927965	2010673	2670775	9298505	39580	4555	2842	2970	1106	986	1046	1346	1041	1165	1185	2101	359	389	124	135	438	448	79	91	0
*	*	3p	+	32	2725801	1891410	2009685	2646898	9273794	36702	4603	2835	2707	1010	1048	1008	1248	1024	1150	956	2020	336	394	124	149	455	445	78	92	0
*	*	3p	+	33	2690741	1892320	2015000	2643222	9241283	35138	4843	2775	2799	994	1001	992	1212	983	1049	1072	2141	336	425	123	150	423	441	57	69	0
*	*	3p	+	34	2690857	1895870	1984450	2629007	9200184	32658	4947	2762	2652	1037	1093	1034	1290	1081	1010	1060	2240	361	426	148	170	459	441	57	80	0
*	*	3p	+	35	2635881	1867544	1951164	2693077	9147666	30165	5281	2612	2802	974	988	949	1248	1074	1215	1015	2207	355	436	131	141	447	446	72	94	0
*	*	3p	+	36	2635351	1851854	1939061	2655978	9082244	27807	5401	2796	2708	978	1115	1015	1183	1145	1098	964	2170	350	404	136	161	453	476	82	82	0
*	*	3p	+	37	2631332	1820458	1906647	2642798	9001235	25987	5598	2852	2570	1036	1106	898	1167	1006	1148	985	1994	362	425	113	162	448	459	85	93	0
*	*	3p	+	38	2604870	1816303	1869735	2612926	8903834	24007	5882	2711	2486	952	1040	1020	1227	1042	1070	1082	2129	385	413	123	171	446	470	70	92	0
*	*	3p	+	39	2548513	1792810	1874058	2571525	8786906	22712	6188	2623	2472	991	1055	988	1125	1016	1025	969	2174	361	414	120	140	433	461	93	84	0
*	*	3p	+	40	2509513	1760675	1812073	2572943	8655204	20745	6170	2639	2584	949	983	963	1206	1050	1213	979	2024	397	373	110	172	456	465	70	73	0
*	*	3p	+	41	2525871	1705600	1783000	2494041	8508512	19457	6515	2793	2480	985	1063	881	1149	1037	1120	958	2012	351	382	107	157	399	450	63	66	0
*	*	3p	+	42	2487214	1650062	1746991	2460715	8344982	18060	6684	2632	2476	944	1101	884	1097	998	1132	929	2034	323	336	115	118	401	454	75	70	0
*	*	3p	+	43	2434754	1615129	1715414	2400585	8165882	17357	6871	2709	2270	897	1033	921	1113	989	1066	927	2131	316	349	103	133	405	394	61	96	0
*	*	3p	+	44	2365472	1590413	1655418	2358940	7970243	15824	7246	2497	2204	910	1051	921	1097	936	1133	929	2074	323	304	100	137	399	390	67	61	0
*	*	3p	+	45	2310734	1519799	1598032	2330712	7759277	14352	7211	2470	2450	981	1041	807	1070	1007	1158	913	2007	315	321	98	113	368	349	61	69	0
*	*	3p	+	46	2269025	1471016	1540925	2251254	7532220	13351	7215	2371	2166	931	1064	786	1001	922	1072	844	1951	322	302	89	107	354	364	53	63	0
*	*	3p	+	47	2196054	1432306	1481621	2180064	7290045	12277	7313	2358	2059	835	1061	772	1014	861	1022	784	1854	278	291	81	92	338	343	54	79	0
*	*	3p	+	48	2082605	1402680	1423060	2124367	7032712	11520	7617	2228	2061	897	1025	814	969	883	975	842	1823	269	271	117	106	355	330	61	84	0
*	*	3p	+	49	2000185	1337455	1388985	2032213	6758838	10655	7719	2177	1953	822	923	797	942	848	958	761	1878	247	274	77	102	344	329	57	72	0
*	*	3p	+	50	1916470	1281125	1325471	1952228	6475294	10005	7669	2061	1941	702	960	724	822	808	1046	781	1718	248	235	87	95	317	351	46	39	0
*	*	3p	+	51	1854137	1197358	1270220	1867902	6189617	9238	7416	2119	1773	759	1023	635	829	809	921	650	1624	264	222	75	77	315	281	40	63	0
*	*	3p	+	52	1793217	1136197	1196630	1778111	5904155	8425	7083	1858	1697	726	938	595	750	680	924	629	1578	234	229	66	86	309	251	42	62	0
*	*	3p	+	53	1688151	1093379	1149763	1689600	5620893	8017	7097	1855	1707	765	859	620	805	696	834	688	1582	199	202	85	84	248	267	47	51	0
*	*	3p	+	54	1600120	1040929	1085094	1615301	5341444	7246	7080	1780	1575	682	770	631	767	716	789	607	1447	186	187	63	76	217	247	40	55	0
*	*	3p	+	55	1513202	979157	1016790	1556503	5065652	6826	7005	1597	1488	657	765	543	651	649	834	612	1411	185	166	52	53	227	258	47	46	0
*	*	3p	+	56	1441985	933470	959025	1458798	4793278	6321	6761	1697	1424	603	797	522	628	662	753	591	1337	182	155	53	55	184	192	27	43	0
*	*	3p	+	57	1379286	860157	905017	1379406	4523866	5790	6359	1620	1311	581	745	496	600	557	750	493	1302	149	146	45	48	179	188	32	35	0
*	*	3p	+	58	1284863	823918	862921	1287465	4259167	5498	6418	1388	1253	555	737	490	608	532	642	577	1300	127	134	39	50	150	165	26	28	0
*	*	3p	+	59	1204987	773027	809827	1213866	4001707	5143	6075	1439	1217	523	652	495	571	517	667	495	1162	134	117	27	41	166	174	25	18	0
*	*	3p	+	60	1117590	730760	752670	1151641	3752661	4819	5908	1238	1231	449	598	428	522	515	671	467	1049	97	112	47	36	149	169	23	15	0
*	*	3p	+	61	1061429	671405	707076	1074469	3514379	4393	5460	1215	1077	501	562	424	506	479	607	491	1009	103	111	34	35	95	132	22	13	0
*	*	3p	+	62	997141	631499	655733	1003847	3288220	4026	5243	1148	974	435	563	357	482	434	581	381	972	83	93	33	40	128	135	17	22	0
*	*	3p	+	63	927014	587466	623555	935734	3073769	3857	4764	1013	851	380	498	382	429	411	535	403	934	75	87	22	44	99	116	26	14	0
*	*	3p	+	64	870172	546333	579998	875196	2871699	3668	4836	1001	839	403	490	377	471	396	493	367	858	86	89	19	38	100	102	14	21	0
*	*	3p	+	65	806497	512425	532156	829222	2680300	3232	4577	930	920	362	449	351	383	370	520	294	752	92	76	25	39	110	109	18	19	0
*	*	3p	+	66	761222	478114	490367	769826	2499529	3010	4281	862	754	356	444	300	343	352	448	247	748	49	61	20	30	100	97	10	16	0
*	*	3p	+	67	710173	443216	455142	719979	2328510	2819	4054	814	739	329	435	220	335	333	416	265	674	50	74	14	17	84	98	16	15	0
*	*	3p	+	68	653965	416034	430545	666492	2167036	2686	3788	794	678	245	387	241	312	307	359	250	617	57	61	17	29	83	86	12	6	0
*	*	3p	+	69	604564	390059	398847	620425	2013895	2470	3506	681	586	262	395	212	336	308	356	265	662	57	59	23	28	64	71	11	12	0
*	*	3p	+	70	562303	355854	371355	580885	1870397	2172	3288	677	621	236	324	217	245	287	330	237	539	49	51	16	29	54	76	11	16	0
*	*	3p	-	1	2523119	1521415	2665090	2449114	9158738	610305	4155	3932	8986	1853	3036	2087	5198	2616	5738	1176	2022	0	0	0	0	0	0	0	0	26
*	*	3p	-	2	3147611	1790608	1673982	2583529	9195730	327239	4841	2205	7199	1975	2847	1030	4704	1554	4870	1311	2127	2	1	2	6	49	37	18	16	25
*	*	3p	-	3	2715340	1700087	2014562	2759605	9189594	301809	4360	2485	5717	1672	2697	1223	4461	1463	3232	1231	2286	6	13	17	22	86	79	26	44	15
*	*	3p	-	4	2768398	1703294	1935383	2779087	9186162	244035	4101	2429	5119	1496	2187	1099	4654	1449	2899	1062	1961	19	31	17	34	262	200	60	60	3
*	*	3p	-	5	2618939	1911735	1819889	2839052	9189615	187907	3826	2172	5352	1478	1922	1027	3503	1339	2691	1181	1980	89	120	30	72	452	432	99	88	0
*	*	3p	-	6	2768396	1855252	1886077	2800786	9310511	170191	3520	3100	4695	1417	1642	1254	3121	1380	2427	1205	2246	210	174	74	115	603	454	141	130	0
*	*	3p	-	7	2787113	1855439	1953137	2714768	9310457	158402	3312	3037	4320	1196	1534	1079	2597	1250	2193	1176	2134	275	293	124	169	637	482	127	137	0
*	*	3p	-	8	2981091	1723526	2053416	2552422	9310455	149284	3152	2872	3766	1078	1256	1156	2670	1330	2059	1141	2111	330	300	150	162	696	460	127	128	0
*	*	3p	-	9	3014825	1803450	2001201	2491103	9310579	127285	3205	2814	3807	1164	1076	1216	2502	1233	1814	1223	1835	365	359	164	199	584	434	103	140	0
*	*	3p	-	10	2788353	1883225	2053214	2585820	9310612	112224	3241	2727	3771	971	1030	1211	2202	1201	1730	1136	1866	322	512	174	203	509	586	108	123	0
*	*	3p	-	11	2792187	1846550	2043870	2628077	9310684	98608	3041	2927	3484	1002	1106	1121	1996	1155	1648	1069	1803	343	513	157	209	507	570	84	94	0
*	*	3p	-	12	2740298	1895486	2039900	2635057	9310741	87599	3204	2892	3421	1053	1054	1056	1895	1131	1467	1023	1737	378	477	163	207	485	444	94	101	0
*	*	3p	-	13	2714825	1892342	2045264	2658346	9310777	79936	3113	2793	3384	999	1060	1055	1767	1158	1410	1195	1779	395	449	170	223	421	489	82	88	0
*	*	3p	-	14	2690441	1910503	2078752	2631271	9310967	75451	3127	2779	3099	948	948	1136	1886	1059	1358	1108	1896	369	414	160	191	425	367	74	104	0
*	*	3p	-	15	2668456	1894088	2086508	2661818	9310870	70842	3169	2870	3302	997	989	1076	1726	1100	1440	969	1741	345	482	165	164	418	483	74	91	0
*	*	3p	-	16	2688247	1896775	2065323	2660465	9310810	67102	3157	2923	3218	949	1089	1148	1713	1090	1350	1084	1797	374	482	164	187	424	467	62	101	0
*	*	3p	-	17	2699768	1921136	2057067	2632894	9310865	66207	2983	2760	3048	957	1005	1008	1579	1091	1287	965	1773	326	427	154	180	458	441	72	102	0
*	*	3p	-	18	2663593	1953235	2070951	2623011	9310790	64647	3358	2737	3002	1057	982	1088	1612	1060	1279	1111	1876	398	386	163	165	450	450	94	86	0
*	*	3p	-	19	2647975	1956515	2071005	2635348	9310843	63072	3255	2824	3117	927	961	1100	1624	1054	1151	1063	1889	404	402	145	181	509	415	71	99	0
*	*	3p	-	20	2632382	1962353	2073072	2643026	9310833	63109	3386	2719	2987	907	908	1107	1618	1119	1308	1067	1927	374	404	158	160	464	458	78	105	0
*	*	3p	-	21	2666198	1935707	2069582	2639288	9310775	61804	3423	2820	2978	960	1037	1006	1493	1054	1372	995	1936	371	435	129	167	509	479	78	95	0
*	*	3p	-	22	2710308	1915779	2032770	2652024	9310881	60185	3632	2718	3128	985	1098	1095	1520	1046	1278	977	1932	403	419	135	166	502	389	79	84	0
*	*	3p	-	23	2698418	1919886	2050866	2641599	9310769	59002	3716	2679	2907	945	930	1109	1592	1032	1096	1081	2011	410	393	106	158	495	526	68	82	0
*	*	3p	-	24	2672940	1951607	2038158	2648075	9310780	56862	3935	2594	2978	979	951	1095	1475	1062	1105	977	2078	382	395	126	142	503	491	77	81	0
*	*	3p	-	25	2676017	1931611	2032741	2670421	9310790	55055	4086	2606	3006	875	908	1018	1511	1072	1227	1044	2005	374	370	101	146	488	491	82	88	0
*	*	3p	-	26	2716811	1904622	2041661	2647553	9310647	52794	3944	2783	2931	917	1044	1077	1428	1035	1225	968	2029	362	361	119	138	477	382	78	80	0
*	*	3p	-	27	2727992	1929477	2004639	2648112	9310220	49879	3921	2673	2922	953	1019	1024	1360	1005	1148	970	1935	357	334	112	157	453	396	91	74	0
*	*	3p	-	28	2712679	1916411	2043079	2637514	9309683	47712	4065	2650	2781	974	960	1029	1314	979	1139	1043	2053	362	333	147	160	424	398	89	89	0
*	*	3p	-	29	2683389	1931773	2036890	2657153	9309205	45468	4268	2770	2808	986	1037	1022	1371	1020	1174	1081	2105	334	336	143	180	400	411	80	78	0
*	*	3p	-	30	2652271	1932337	2023602	2700097	9308307	42220	4597	2749	2988	961	999	1093	1425	1114	1301	997	2092	350	349	130	145	416	392	80	92	0
*	*	3p	-	31	2693022	1921435	2009628	2666702	9290787	39635	4496	2735	2999	1039	983	1050	1312	1119	1143	1093	1922	385	312	134	163	429	350	77	99	0
*	*	3p	-	32	2728216	1888622	2009078	2640121	9266037	36800	4590	2927	2711	1045	1038	1000	1300	1046	1148	1027	2089	327	277	143	138	373	368	70	67	0
*	*	3p	-	33	2698718	1892236	2008826	2634172	9233952	34755	4773	2791	2749	973	990	1066	1260	962	1093	1069	2187	305	303	143	150	379	349	66	82	0
*	*	3p	-	34	2694139	1894745	1984429	2619694	9193007	32570	5002	2693	2702	1032	1021	1099	1226	1021	1055	1019	2222	304	310	120	138	341	335	87	71	0
*	*	3p	-	35	2644185	1870478	1946381	2679962	9141006	29618	5313	2683	2814	999	918	1031	1344	1041	1169	981	2211	264	304	127	156	337	365	96	83	0
*	*	3p	-	36	2640519	1851097	1938711	2645600	9075927	28247	5393	2781	2693	985	1064	1046	1202	1086	1082	1005	2169	277	307	99	142	310	362	72	74	0
*	*	3p	-	37	2634217	1818224	1905506	2636828	8994775	25715	5632	2849	2658	1070	1095	939	1193	1010	1061	1013	2202	248	261	93	178	332	328	55	69	0
*	*	3p	-	38	2613708	1817325	1866473	2600099	8897605	24208	5821	2703	2567	1033	1021	992	1237	1031	1032	994	2120	265	260	101	103	304	275	70	73	0
*	*	3p	-	39	2554425	1794042	1872465	2559764	8780696	22999	6250	2608	2489	926	1074	1019	1169	1054	1023	1028	2191	270	229	99	140	292	283	65	57	0
*	*	3p	-	40	2518567	1760690	1810883	2558899	8649039	20811	6282	2522	2577	950	974	1035	1247	1033	1209	1009	2056	236	240	78	117	295	277	67	68	0
*	*	3p	-	41	2531489	1703534	1780477	2486524	8502024	19758	6282	2781	2470	996	1093	913	1091	1000	1184	949	1991	237	231	94	119	257	257	69	71	0
*	*	3p	-	42	2489465	1646762	1745464	2457151	8338842	18019	6826	2549	2498	1021	1040	854	1078	978	1160	876	1984	228	196	82	123	234	286	58	59	0
*	*	3p	-	43	2440753	1614441	1712650	2391455	8159299	17101	6906	2571	2307	959	1078	926	1092	962	1081	972	2058	208	206	84	111	247	244	55	72	0
*	*	3p	-	44	2371053	1586246	1657643	2349816	7964758	15704	7246	2583	2272	945	1071	921	1081	969	1043	891	2020	188	166	87	114	209	237	64	54	0
*	*	3p	-	45	2318625	1519908	1594805	2320557	7753895	14307	7380	2380	2259	1000	995	837	964	925	1126	901	1892	190	189	80	113	208	199	46	68	0
*	*	3p	-	46	2274500	1470914	1540737	2241439	7527590	13480	7354	2404	2171	893	1110	818	1034	851	1045	826	1938	160	164	97	102	200	201	49	33	0
*	*	3p	-	47	2200931	1431102	1479233	2174574	7285840	12373	7328	2304	2044	901	1091	801	967	890	1032	757	1775	168	136	80	108	204	177	41	48	0
*	*	3p	-	48	2091798	1401658	1419897	2115389	7028742	11605	7629	2224	2058	824	1082	846	968	834	983	855	1899	148	134	58	70	161	185	47	54	0
*	*	3p	-	49	2004682	1336544	1388225	2026393	6755844	10952	7711	2155	1850	860	968	784	905	817	921	843	1873	140	142	62	77	141	155	47	49	0
*	*	3p	-	50	1921424	1285309	1325944	1941455	6474132	10071	7636	2035	2000	817	941	768	854	868	1011	715	1719	96	127	78	81	141	147	40	34	0
*	*	3p	-	51	1858699	1197645	1270693	1859903	6186940	9297	7448	2060	1826	792	998	710	876	814	971	696	1658	121	108	67	62	124	140	33	41	0
*	*	3p	-	52	1795983	1135751	1197342	1773582	5902658	8505	7220	1859	1830	769	896	605	789	767	858	676	1589	104	94	64	93	137	135	23	26	0
*	*	3p	-	53	1695449	1094189	1147164	1682360	5619162	7926	7226	1883	1612	724	886	624	777	671	810	696	1497	99	110	56	81	115	117	25	24	0
*	*	3p	-	54	1607470	1040733	1083406	1607349	5338958	7531	6974	1751	1503	674	752	607	715	659	836	634	1467	85	108	74	66	112	134	25	34	0
*	*	3p	-	55	1518640	977833	1019234	1548342	5064049	6835	6922	1568	1477	621	811	596	715	652	812	555	1396	94	100	57	44	98	129	25	27	0
*	*	3p	-	56	1447412	932824	959446	1452852	4792534	6304	6735	1647	1490	660	797	542	653	616	759	521	1298	69	90	33	56	103	102	32	31	0
*	*	3p	-	57	1379902	860565	907556	1375403	4523426	6024	6359	1650	1291	578	740	534	561	617	725	489	1280	98	66	34	41	96	74	20	24	0
*	*	3p	-	58	1291256	822706	861503	1284289	4259754	5419	6339	1481	1221	545	768	515	621	548	737	544	1257	72	56	32	34	79	85	17	22	0
*	*	3p	-	59	1212271	773222	809092	1208592	4003177	5235	6074	1442	1153	617	616	462	578	519	623	530	1194	55	59	33	42	69	82	21	20	0
*	*	3p	-	60	1121261	730218	755136	1148115	3754730	4784	5908	1229	1156	494	594	430	543	502	609	449	1046	59	64	35	41	72	66	14	13	0
*	*	3p	-	61	1066170	670993	707776	1070064	3515003	4367	5604	1245	1031	513	620	407	483	440	560	448	943	74	61	33	23	70	66	17	11	0
*	*	3p	-	62	999586	631633	656058	1001524	3288801	4106	5194	1164	977	440	520	356	529	392	569	332	923	59	44	27	20	62	62	11	16	0
*	*	3p	-	63	932976	588443	624582	928061	3074062	3962	4928	1059	923	419	541	396	455	411	511	388	922	46	39	38	30	60	61	19	12	0
*	*	3p	-	64	873459	548012	581536	870019	2873026	3579	4780	1020	815	430	491	394	454	363	488	374	874	44	39	21	29	45	54	8	13	0
*	*	3p	-	65	813269	510628	532011	825289	2681197	3222	4497	894	944	373	479	318	378	421	514	311	820	50	48	17	23	63	51	17	14	0
*	*	3p	-	66	764883	478422	491618	765527	2500450	3006	4222	886	757	392	484	275	383	316	439	312	661	49	30	26	16	42	44	13	10	0
*	*	3p	-	67	713859	444039	454060	717724	2329682	2816	3931	837	699	351	427	235	322	285	427	231	660	42	27	24	27	46	46	14	7	0
*	*	3p	-	68	656215	418244	430954	663558	2168971	2646	3894	760	641	308	379	269	306	267	379	286	693	36	21	9	21	41	38	9	10	0
*	*	3p	-	69	608508	390874	399312	616993	2015687	2566	3657	678	579	275	389	213	291	264	314	229	642	28	23	17	20	40	38	10	7	0
*	*	3p	-	70	563846	356423	372299	579364	1871932	2328	3308	622	583	258	330	230	272	264	348	200	547	33	25	10	14	33	35	11	10	0
*	*	5p	+	1	2621096	2297466	1682080	2575148	9175790	4290	74794	3484	3912	2491	3587	1017	1715	1673	2754	2000	3543	0	0	0	0	0	0	0	0	3
*	*	5p	+	2	2637569	1449300	2000718	3120845	9208432	4006	31425	4428	2216	1568	3107	1240	1774	1835	2448	860	3379	0	1	0	0	26	16	9	7	3
*	*	5p	+	3	2839972	1803259	1855254	2704611	9203096	3828	22100	3342	2319	1342	1942	1090	1662	1588	2214	1130	3124	11	7	7	8	53	52	20	26	2
*	*	5p	+	4	2849628	1749262	1834761	2764178	9197829	3619	14881	3255	2258	1179	1610	912	1273	1434	1846	968	3426	28	27	15	13	170	175	49	59	0
*	*	5p	+	5	2875141	1683340	2022525	2620188	9201194	3377	9592	3361	1859	1043	1469	947	1020	1329	1528	914	2889	173	108	58	43	372	326	79	88	0
*	*	5p	+	6	2849295	1761303	1950732	2757426	9318756	3202	9473	3088	2842	1220	1406	1081	1186	1222	1387	1186	2630	164	211	60	57	292	440	76	85	0
*	*	5p	+	7	2770547	1827798	1954708	2765756	9318809	3030	7781	3104	2846	1082	1272	1098	1126	1149	1320	1056	2217	175	251	88	66	293	405	71	74	0
*	*	5p	+	8	2608733	1921491	1830405	2958186	9318815	2783	7492	2799	2827	1182	1340	1029	1086	1114	1137	1121	2596	208	283	86	85	267	416	68	86	0
*	*	5p	+	9	2544152	1876935	1906804	2990902	9318793	2778	6883	2980	2942	1207	1172	1099	1076	1114	1028	1188	2504	226	300	76	71	313	381	78	83	0
*	*	5p	+	10	2627105	1945155	1980008	2766466	9318734	2837	6012	3001	2638	1115	1114	1105	1150	1093	982	1220	2346	356	277	77	86	438	334	67	82	0
*	*	5p	+	11	2673715	1939800	1932623	2772583	9318721	2645	5662	3009	2871	1140	1149	1122	1052	1187	1096	1135	2214	338	272	104	101	406	360	80	79	0
*	*	5p	+	12	2675429	1951594	1979225	2712532	9318780	2741	5254	3090	2862	1083	1038	1207	1041	1232	1047	1089	2268	322	310	74	94	374	338	81	81	0
*	*	5p	+	13	2690099	1952248	1977990	2698407	9318744	2862	4973	2977	2852	1052	1090	1089	1041	1079	1103	1122	2215	299	285	99	101	391	365	73	79	0
*	*	5p	+	14	2665944	1977779	1994907	2680185	9318815	2841	4945	2790	2769	1031	1015	1105	1094	1061	1031	1118	2381	268	316	106	89	317	356	80	85	0
*	*	5p	+	15	2687377	1990813	1984244	2656262	9318696	3167	4972	2889	2714	1108	1074	949	1061	1032	969	1057	2419	351	293	90	102	429	389	65	72	0
*	*	5p	+	16	2690703	1975452	1985725	2666766	9318646	3619	4733	3137	2762	1069	1082	1118	1089	1179	1122	1051	2317	321	320	89	102	398	416	66	93	0
*	*	5p	+	17	2663215	1965539	2011859	2678021	9318634	4630	4750	3046	2852	1053	1041	1039	991	1151	1017	991	2331	348	307	81	122	410	428	89	95	0
*	*	5p	+	18	2643332	1971094	2056601	2647623	9318650	6673	4569	2869	2794	945	1096	1067	1075	1069	1042	1118	2402	284	361	90	111	390	427	90	90	0
*	*	5p	+	19	2661208	1968332	2057760	2631302	9318602	9590	4725	2950	2792	997	969	1069	1131	1087	992	1093	2295	310	372	97	105	401	474	74	90	0
*	*	5p	+	20	2670736	1966944	2063363	2617521	9318564	13148	4480	2935	2688	1023	1054	1069	1068	1028	938	1194	2206	360	366	99	100	457	491	67	78	0
*	*	5p	+	21	2669734	1960751	2036658	2651411	9318554	17212	4580	2832	2808	1000	1058	997	1153	1013	1118	1065	2180	373	371	96	104	464	481	61	93	0
*	*	5p	+	22	2690270	1930866	2015989	2681453	9318578	21820	4398	2886	2794	1027	1007	939	1099	1029	1006	1000	2177	335	392	87	109	415	497	83	82	0
*	*	5p	+	23	2672616	1942121	2026697	2677061	9318495	26477	4487	2753	2764	938	920	1081	1174	971	998	1112	2265	391	392	95	112	504	488	79	90	0
*	*	5p	+	24	2682553	1925568	2057417	2652993	9318531	31260	4350	2747	2604	921	970	1048	1162	944	1058	1007	2217	336	392	87	118	486	471	77	90	0
*	*	5p	+	25	2705623	1923958	2035909	2653078	9318568	35757	4253	2781	2695	1017	1031	1046	1247	1011	992	1039	2296	349	365	101	153	441	429	67	78	0
*	*	5p	+	26	2690244	1930670	2014221	2683225	9318360	39673	4466	2841	2806	996	1080	1009	1241	931	1086	1077	2121	311	369	104	138	390	481	71	86	0
*	*	5p	+	27	2684683	1895533	2038617	2699188	9318021	44260	4145	2780	2849	998	1006	960	1308	1082	1144	1021	2189	281	338	105	137	375	425	69	81	0
*	*	5p	+	28	2675655	1924841	2033350	2683628	9317474	48125	4165	2733	2848	932	961	1044	1361	1006	1117	973	2090	309	344	88	153	391	460	71	89	0
*	*	5p	+	29	2690473	1919384	2045760	2661135	9316752	52695	4217	2715	2760	980	988	1112	1523	1057	1203	1085	2215	306	360	104	135	429	445	76	87	0
*	*	5p	+	30	2726321	1911531	2049790	2628397	9316039	57477	3790	2783	2855	957	1026	1051	1415	959	1095	1017	2129	313	361	133	157	400	445	69	89	0
*	*	5p	+	31	2704830	1900786	2032318	2660684	9298618	61176	3867	2642	2953	1025	1038	920	1429	985	1261	1030	2031	299	359	133	141	373	440	81	85	0
*	*	5p	+	32	2681434	1898727	2001713	2691961	9273835	63939	3815	2722	2999	981	1061	980	1482	1009	1223	984	2184	261	328	133	171	404	383	66	90	0
*	*	5p	+	33	2665934	1896898	2005139	2673160	9241131	67361	3805	2651	3065	956	1002	1012	1526	1088	1317	1050	2041	254	339	127	156	392	410	65	72	0
*	*	5p	+	34	2655099	1866613	2012068	2666386	9200166	71433	3815	2487	3056	929	984	1018	1602	1033	1299	1075	1979	284	319	97	155	388	361	57	95	0
*	*	5p	+	35	2712913	1840251	1983622	2610952	9147738	74994	3713	2840	2948	983	1032	1060	1660	1169	1228	1059	1930	294	325	108	191	409	341	73	91	0
*	*	5p	+	36	2678031	1831565	1964199	2608411	9082206	78219	3543	2568	3035	993	1087	973	1681	1050	1337	995	1916	310	303	109	178	368	345	63	79	0
*	*	5p	+	37	2664060	1803273	1934379	2599565	9001277	82024	3470	2685	3126	916	979	1051	1742	1119	1351	993	1846	289	303	134	165	383	352	75	64	0
*	*	5p	+	38	2631445	1761583	1932521	2578146	8903695	86243	3504	2511	3137	987	1066	984	1770	1085	1471	1044	1903	238	294	129	177	348	292	79	72	0
*	*	5p	+	39	2590001	1765331	1904389	2526953	8786674	89267	3401	2456	3171	969	1003	1014	1900	1077	1388	941	1944	226	275	132	154	322	317	62	79	0
*	*	5p	+	40	2576245	1713002	1878394	2487401	8655042	93421	3398	2482	3095	997	1170	1001	1805	1005	1433	1027	1951	236	252	141	170	297	303	65	67	0
*	*	5p	+	41	2517323	1682351	1812446	2495991	8508111	95102	3448	2436	3228	953	1047	971	1863	1037	1527	1055	1706	208	265	120	185	286	293	66	75	0
*	*	5p	+	42	2478512	1652321	1758572	2455484	8344889	96934	3139	2358	3157	926	1168	851	1785	1007	1478	884	1672	221	282	129	149	306	249	51	61	0
*	*	5p	+	43	2415380	1611618	1728267	2410092	8165357	100168	3171	2340	3309	883	1089	987	1891	1014	1563	951	1685	210	257	134	141	342	276	49	52	0
*	*	5p	+	44	2370014	1557285	1703102	2339108	7969509	102644	3133	2435	3087	922	1006	1043	1971	1135	1537	1015	1674	192	230	104	139	284	226	60	74	0
*	*	5p	+	45	2338471	1503995	1631206	2284831	7758503	103129	3052	2236	3122	944	1096	944	1833	991	1481	838	1639	178	236	117	118	301	269	47	67	0
*	*	5p	+	46	2262860	1453533	1577606	2237668	7531667	104211	2935	2187	3039	905	1047	837	1742	951	1544	831	1588	189	242	121	148	244	220	49	51	0
*	*	5p	+	47	2192433	1394214	1538931	2163821	7289399	106583	2862	2089	3098	857	1009	785	1829	926	1604	826	1454	175	216	119	136	245	202	47	51	0
*	*	5p	+	48	2130503	1332149	1511377	2058290	7032319	107270	2701	1998	2955	827	976	827	1873	984	1571	790	1561	185	204	124	115	220	193	65	53	0
*	*	5p	+	49	2042538	1299986	1444064	1971532	6758120	107230	2662	1860	2972	820	938	833	1811	886	1469	742	1384	174	170	102	124	238	187	47	50	0
*	*	5p	+	50	1957212	1243326	1386806	1887661	6475005	105687	2585	1978	2719	820	1003	793	1729	778	1465	775	1359	177	167	104	106	222	188	43	54	0
*	*	5p	+	51	1878152	1192383	1296010	1822506	6189051	102558	2326	1860	2903	777	978	795	1722	819	1426	687	1248	160	186	101	102	198	153	40	40	0
*	*	5p	+	52	1789750	1125057	1231060	1757524	5903391	99996	2122	1826	2729	745	878	734	1650	765	1374	619	1179	139	170	81	98	186	145	45	38	0
*	*	5p	+	53	1698545	1075190	1187112	1659726	5620573	98744	2302	1665	2622	695	793	707	1566	734	1366	612	1180	142	162	87	108	177	128	36	38	0
*	*	5p	+	54	1623353	1012712	1129911	1574845	5340821	95850	2013	1472	2484	681	804	644	1631	661	1178	692	1071	123	136	75	103	168	147	24	28	0
*	*	5p	+	55	1560983	954078	1064326	1485435	5064822	92583	1933	1553	2294	594	808	619	1488	667	1211	634	1103	119	138	75	81	170	130	26	37	0
*	*	5p	+	56	1471246	897274	1011712	1412509	4792741	90166	1789	1416	2207	611	792	590	1392	615	1149	605	937	126	113	79	73	156	115	33	38	0
*	*	5p	+	57	1389603	850411	939121	1343827	4522962	86269	1753	1337	2225	562	752	511	1293	616	1203	500	846	109	96	60	63	140	107	28	40	0
*	*	5p	+	58	1298001	805148	896647	1258985	4258781	83329	1676	1265	2117	522	701	575	1307	600	1120	523	891	109	97	78	67	123	89	23	36	0
*	*	5p	+	59	1221254	752383	845996	1181441	4001074	80530	1592	1207	2072	494	635	513	1274	592	1015	523	841	101	101	56	65	151	98	27	32	0
*	*	5p	+	60	1155111	704623	798272	1094387	3752393	76741	1458	1215	1870	496	663	452	1221	510	971	479	811	83	99	51	69	106	98	32	38	0
*	*	5p	+	61	1083047	659809	734600	1036283	3513739	71737	1406	1062	1773	482	592	413	1082	547	978	415	721	78	107	55	60	107	70	26	22	0
*	*	5p	+	62	1012891	613239	691605	969675	3287410	68120	1356	982	1693	433	595	416	1101	491	907	393	654	85	95	45	50	110	78	16	31	0
*	*	5p	+	63	940702	579333	644775	908417	3073227	64470	1295	941	1617	424	585	433	1002	521	845	427	624	71	69	50	39	80	70	16	21	0
*	*	5p	+	64	880386	539131	601533	850116	2871166	60895	1165	881	1525	414	526	383	974	426	830	365	604	59	81	60	55	79	49	22	21	0
*	*	5p	+	65	831499	497174	562319	788768	2679760	57538	1126	935	1376	391	554	330	927	423	789	353	566	66	87	33	39	83	57	14	22	0
*	*	5p	+	66	775509	457670	524611	741346	2499136	53467	964	856	1320	354	487	376	823	412	732	308	546	59	71	36	42	82	51	13	19	0
*	*	5p	+	67	726322	423748	488538	689470	2328078	50138	894	734	1199	345	457	285	772	372	695	301	479	44	69	41	47	85	39	11	16	0
*	*	5p	+	68	671426	399214	459444	636540	2166624	47319	845	754	1171	301	438	298	780	315	626	288	443	47	58	27	48	76	31	16	17	0
*	*	5p	+	69	624022	370113	428409	590895	2013439	44172	796	652	1024	281	410	275	685	323	657	255	468	37	42	31	37	63	35	12	18	0
*	*	5p	+	70	584188	345344	392104	548543	1870179	40233	714	671	988	264	382	217	627	311	543	239	408	45	42	24	37	61	38	13	17	0
*	*	5p	-	1	2624436	2297714	1680031	2566085	9168266	4166	75132	3459	3934	2586	3637	1045	1747	1697	2748	1996	3613	0	0	0	0	0	0	0	0	2
*	*	5p	-	2	2644445	1445784	1996938	3112907	9200074	4052	31900	4394	2241	1623	3051	1209	1834	1886	2404	868	3351	0	0	1	0	3	1	0	0	2
*	*	5p	-	3	2842688	1804218	1854393	2694355	9195654	3828	22310	3490	2308	1321	1893	1112	1635	1497	2224	1138	3245	2	0	0	0	7	2	3	3	1
*	*	5p	-	4	2857256	1751071	1831784	2750959	9191070	3635	15061	3213	2132	1212	1674	921	1331	1396	1884	977	3385	2	2	3	2	13	11	10	4	0
*	*	5p	-	5	2884564	1680201	2017564	2610912	9193241	3409	9706	3466	1879	1107	1493	991	1112	1339	1590	913	2932	25	13	31	24	98	77	36	67	0
*	*	5p	-	6	2855422	1760105	1946583	2749524	9311634	3216	9398	3124	2900	1236	1432	1115	1228	1231	1457	1103	2680	36	36	53	33	97	94	59	52	0
*	*	5p	-	7	2778834	1828328	1953856	2750628	9311646	2912	7743	3004	2750	1169	1273	1137	1102	1182	1259	1007	2099	47	46	66	50	89	72	70	57	0
*	*	5p	-	8	2617703	1919419	1827858	2946641	9311621	2835	7626	2808	2840	1202	1303	1069	1111	981	1105	1115	2440	55	61	54	59	88	90	66	68	0
*	*	5p	-	9	2553501	1875106	1904622	2978407	9311636	2746	6965	2911	2852	1248	1176	1180	1073	1056	1019	1179	2480	79	59	73	59	94	101	59	49	0
*	*	5p	-	10	2632907	1944365	1976631	2757698	9311601	2801	5879	3006	2754	1141	1199	1132	1059	1093	909	1159	2236	71	60	78	56	98	109	63	67	0
*	*	5p	-	11	2681721	1941841	1931902	2756099	9311563	2689	5631	2985	2901	1199	1143	1099	1079	1083	1130	1184	2144	103	92	69	69	105	125	65	62	0
*	*	5p	-	12	2681076	1947677	1976206	2706635	9311594	2637	5255	3033	2854	1106	1032	1166	1079	1264	1065	1021	2236	93	102	67	74	90	127	65	57	0
*	*	5p	-	13	2695540	1952940	1977414	2685657	9311551	2764	4925	2966	2758	1123	1043	1146	1007	1078	1038	1102	2278	116	120	78	71	120	156	54	56	0
*	*	5p	-	14	2673209	1977052	1990929	2670301	9311491	2856	5071	2843	2868	1059	991	1165	1038	1038	951	1100	2307	118	98	67	89	139	170	75	62	0
*	*	5p	-	15	2695360	1992672	1981055	2642337	9311424	3213	4965	2933	2803	1118	1056	1080	1134	970	937	1091	2344	128	145	72	85	175	197	75	69	0
*	*	5p	-	16	2697079	1972089	1985154	2657047	9311369	3641	4647	2996	2872	1110	1063	1178	1000	1169	1038	1085	2235	127	187	81	82	187	225	62	56	0
*	*	5p	-	17	2668272	1961755	2011338	2669981	9311346	4673	4688	2972	2835	1009	1103	1127	1035	1235	1028	1034	2280	183	169	60	98	230	232	66	63	0
*	*	5p	-	18	2649079	1968221	2054044	2639973	9311317	6635	4652	2920	2785	1021	991	1120	1049	1038	1004	1106	2278	198	206	89	92	210	259	77	74	0
*	*	5p	-	19	2668307	1968004	2053477	2621474	9311262	9298	4601	2891	2855	1021	976	1158	1152	1072	992	1107	2299	210	229	81	91	250	289	62	64	0
*	*	5p	-	20	2676638	1966181	2056852	2611527	9311198	13233	4487	2928	2738	1012	1168	1118	1049	963	909	1125	2248	229	209	92	90	286	308	73	71	0
*	*	5p	-	21	2676995	1957798	2037836	2638572	9311201	17530	4557	2843	2749	1020	1037	1080	1132	1024	1093	1066	2172	243	216	75	101	283	304	80	71	0
*	*	5p	-	22	2696682	1928270	2016195	2670043	9311190	21662	4336	2788	2719	1038	1030	997	1007	965	1117	934	2222	257	234	82	92	286	331	67	64	0
*	*	5p	-	23	2679184	1944221	2023883	2663886	9311174	26291	4494	2815	2753	958	992	1019	1211	1004	1056	1052	2240	233	220	83	110	303	313	57	91	0
*	*	5p	-	24	2686551	1925601	2055829	2643198	9311179	31127	4277	2803	2711	957	982	1039	1168	1028	976	1013	2325	273	235	82	101	330	298	66	64	0
*	*	5p	-	25	2712982	1921849	2033831	2642410	9311072	36042	4350	2875	2643	1019	1094	1002	1179	926	993	1060	2262	270	223	80	131	347	300	60	78	0
*	*	5p	-	26	2691314	1930045	2014043	2675428	9310830	39623	4302	2767	2792	1011	1018	1019	1239	1002	1157	999	2120	295	241	96	115	379	315	67	70	0
*	*	5p	-	27	2690708	1893471	2039966	2686230	9310375	44133	4208	2757	2847	1034	1016	985	1240	1033	1144	978	2165	309	252	92	111	416	309	67	85	0
*	*	5p	-	28	2678448	1929434	2030361	2671585	9309828	48372	4096	2732	2844	876	962	1071	1378	1050	1199	1070	2124	321	243	106	142	431	368	72	80	0
*	*	5p	-	29	2696374	1914872	2045915	2652048	9309209	52465	4105	2637	2936	1003	1021	1020	1449	1048	1229	1042	2129	328	300	90	150	400	403	77	84	0
*	*	5p	-	30	2729474	1912525	2048145	2618149	9308293	57169	3875	2750	2786	989	1112	967	1470	1000	1113	1037	2123	342	327	86	143	395	362	67	91	0
*	*	5p	-	31	2708617	1896571	2031872	2653651	9290711	61030	3933	2678	2965	948	1060	1007	1473	985	1246	1065	2096	349	319	126	142	432	397	84	84	0
*	*	5p	-	32	2685180	1896972	1999566	2684029	9265747	63879	3786	2590	2956	992	1022	953	1552	1051	1264	987	2015	351	325	129	141	455	413	66	85	0
*	*	5p	-	33	2673373	1894942	2003231	2662245	9233791	67587	3790	2545	3027	943	1007	1067	1568	1059	1307	1052	2021	352	334	120	168	469	404	64	80	0
*	*	5p	-	34	2658230	1866422	2010320	2657721	9192693	71251	3907	2507	3131	890	945	1034	1705	1009	1264	1057	1996	364	345	121	185	442	435	77	78	0
*	*	5p	-	35	2715436	1839457	1981893	2603517	9140303	74314	3704	2817	2928	1051	1036	1087	1702	1126	1193	989	2031	393	348	128	163	450	408	100	99	0
*	*	5p	-	36	2681249	1830049	1965109	2598969	9075376	78650	3665	2662	3004	1011	1005	966	1716	1019	1297	1015	1896	389	361	130	198	451	462	86	107	0
*	*	5p	-	37	2671096	1801017	1932635	2589503	8994251	81519	3522	2695	3212	990	1010	1058	1662	1171	1369	922	1910	351	353	136	159	478	463	75	81	0
*	*	5p	-	38	2638173	1762775	1930619	2565263	8896830	85730	3605	2461	3206	916	1097	1006	1818	1085	1378	1002	1990	394	382	137	189	474	449	86	87	0
*	*	5p	-	39	2593781	1765759	1903133	2517059	8779732	89996	3513	2404	3120	947	967	942	2042	1008	1420	989	1839	361	412	117	184	446	446	65	88	0
*	*	5p	-	40	2585212	1710297	1876713	2475779	8648001	92760	3422	2567	3105	1028	1102	965	1843	997	1386	989	1825	356	399	138	178	479	455	91	74	0
*	*	5p	-	41	2520044	1680396	1812844	2487754	8501038	95188	3391	2362	3151	924	1055	1020	1795	996	1585	973	1706	333	375	146	177	477	467	76	71	0
*	*	5p	-	42	2478559	1649517	1759872	2449788	8337736	97170	3237	2425	3145	1007	1100	946	1830	994	1537	851	1697	345	397	149	183	448	445	60	78	0
*	*	5p	-	43	2416655	1613441	1726437	2401726	8158259	99944	3320	2257	3321	950	1008	952	1934	1008	1492	923	1730	351	371	147	180	427	418	88	96	0
*	*	5p	-	44	2375000	1556912	1699267	2332302	7963481	102194	3110	2375	3115	908	1050	1000	1903	1136	1506	930	1673	340	346	141	151	425	391	54	71	0
*	*	5p	-	45	2342766	1504484	1628921	2276692	7752863	102992	3005	2328	3132	940	1097	955	1887	973	1473	860	1615	311	381	124	147	367	395	81	79	0
*	*	5p	-	46	2270639	1451908	1575621	2227855	7526023	103744	2938	2191	3128	828	1011	899	1857	923	1569	853	1475	304	360	123	138	402	367	67	84	0
*	*	5p	-	47	2195635	1395104	1539348	2154337	7284424	106196	2731	2055	3034	859	1075	808	1884	905	1518	790	1414	294	353	122	146	396	416	68	76	0
*	*	5p	-	48	2139005	1332776	1507951	2047520	7027252	107451	2700	1943	3013	851	1012	830	1823	932	1505	833	1503	262	321	132	163	385	386	63	76	0
*	*	5p	-	49	2047137	1299699	1442632	1964984	6754452	106504	2597	1860	2913	788	980	786	1845	820	1452	795	1432	291	335	120	150	362	386	64	79	0
*	*	5p	-	50	1964023	1241918	1386188	1880949	6473078	105747	2496	1900	2746	795	1003	806	1721	825	1384	770	1301	241	296	101	151	355	382	43	62	0
*	*	5p	-	51	1883633	1192458	1294822	1815102	6186015	102098	2327	1806	2798	778	938	704	1769	837	1377	701	1232	240	279	89	138	287	363	50	58	0
*	*	5p	-	52	1793445	1124982	1232148	1750534	5901109	100543	2288	1705	2639	725	989	684	1668	795	1306	666	1142	244	258	117	138	292	325	53	68	0
*	*	5p	-	53	1703679	1074221	1187640	1652525	5618065	98696	2279	1664	2668	684	787	640	1629	763	1379	648	1152	215	275	96	121	291	331	55	54	0
*	*	5p	-	54	1630109	1012977	1127412	1567507	5338005	95479	2065	1529	2449	588	812	651	1482	758	1244	633	1054	224	258	97	126	302	282	53	53	0
*	*	5p	-	55	1566811	952271	1063151	1480884	5063117	92301	1928	1502	2358	654	794	606	1474	653	1140	571	1021	203	249	97	112	285	265	45	59	0
*	*	5p	-	56	1474342	897227	1012888	1406961	4791418	90249	1782	1465	2236	618	764	553	1367	651	1214	577	931	188	243	84	117	282	219	56	44	0
*	*	5p	-	57	1395113	849335	938087	1340054	4522589	85763	1827	1302	2210	548	810	556	1394	627	1129	491	908	155	225	73	107	247	247	42	31	0
*	*	5p	-	58	1303449	805651	896623	1253049	4258772	83503	1691	1207	2053	544	715	559	1357	593	1123	528	885	151	204	68	89	228	194	39	46	0
*	*	5p	-	59	1227623	754474	844035	1176268	4002400	79919	1589	1182	2001	455	700	543	1248	560	1027	482	832	160	182	64	87	232	219	34	41	0
*	*	5p	-	60	1160043	703289	800122	1090245	3753699	76472	1412	1232	1798	565	610	488	1168	494	971	466	796	133	152	67	79	245	203	34	42	0
*	*	5p	-	61	1087355	660742	732712	1033163	3513972	71332	1451	1081	1894	462	683	486	1145	493	966	402	749	138	140	73	103	207	180	28	38	0
*	*	5p	-	62	1017104	611573	691690	967475	3287842	68144	1286	1016	1719	455	587	426	1030	499	850	352	712	143	150	61	74	203	170	36	38	0
*	*	5p	-	63	943958	579180	645840	904506	3073484	64798	1330	933	1582	409	537	406	1018	469	898	350	602	113	137	62	65	184	153	30	32	0
*	*	5p	-	64	887006	538943	600607	845470	2872026	61012	1234	895	1531	430	513	414	1021	426	859	392	590	119	126	53	69	184	169	30	25	0
*	*	5p	-	65	834501	496759	563241	786089	2680590	57711	1075	910	1331	403	597	318	880	375	804	355	563	113	110	47	69	160	141	32	35	0
*	*	5p	-	66	778347	456862	525200	739020	2499429	53533	1012	835	1302	320	463	332	878	428	741	305	490	70	123	46	48	157	161	19	21	0
*	*	5p	-	67	728164	424129	489221	687406	2328920	49895	890	704	1226	318	508	263	767	404	693	266	453	102	88	45	52	171	125	24	25	0
*	*	5p	-	68	674727	399201	459732	634648	2168308	47060	834	689	1141	304	403	300	769	308	692	307	439	78	114	41	43	151	102	13	32	0
*	*	5p	-	69	628010	370368	429087	587596	2015061	44087	771	653	1047	294	373	252	661	289	618	255	470	73	91	33	60	124	105	21	24	0
*	*	5p	-	70	587066	344999	393270	546030	1871365	40594	708	633	950	299	338	247	658	281	521	249	420	95	66	49	39	117	86	15	23	0
