Sample	Library	End	Std	Pos	A	C	G	T	Total	G>A	C>T	A>G	T>C	A>C	A>T	C>G	C>A	T>G	T>A	G>C	G>T	A>-	T>-	C>-	G>-	->A	->T	->C	->G	S
*	*	3p	+	1	2764767	1855724	1888371	2810141	9319003	170757	3637	3292	4771	1392	1791	1328	3362	1449	2552	1334	2327	14	12	20	22	206	130	92	108	9319658
*	*	3p	+	2	2780943	1857547	1952581	2727818	9318889	159070	3388	2984	4354	1260	1615	1196	2554	1335	2151	1240	2165	64	85	73	85	274	175	118	111	9319658
*	*	3p	+	3	2973231	1724349	2058135	2563044	9318759	149203	3343	2950	3802	1080	1244	1254	2645	1393	2165	1207	2163	86	122	122	106	360	193	109	139	9319658
*	*	3p	+	4	3009215	1803035	2003746	2502850	9318846	127101	3122	3039	3781	1280	1153	1267	2539	1216	1836	1242	1889	97	130	139	133	310	165	105	129	9319658
*	*	3p	+	5	2779516	1883014	2059612	2596850	9318992	112349	3209	2795	3901	1025	1085	1295	2038	1203	1854	1230	1913	106	151	178	123	275	182	99	110	9319658
*	*	3p	+	6	2783368	1848761	2049395	2637585	9319109	99198	3026	2977	3570	1050	1215	1097	2008	1220	1637	1131	1828	106	164	174	139	239	137	81	91	0
*	*	3p	+	7	2737606	1894002	2038439	2649063	9319110	87556	3109	2825	3390	1163	1170	1090	1846	1192	1576	1086	1835	149	130	155	145	179	135	61	78	0
*	*	3p	+	8	2707764	1894521	2050635	2666186	9319106	80229	3084	2867	3340	970	1093	1155	1786	1166	1435	1218	1931	160	160	137	151	218	143	58	70	0
*	*	3p	+	9	2683366	1910851	2084590	2640340	9319147	76090	3168	2863	3229	994	1054	1203	1825	1110	1391	1215	1980	144	175	130	154	223	152	50	85	0
*	*	3p	+	10	2661725	1893146	2090843	2673382	9319096	70645	3259	2860	3280	1001	1064	1184	1776	1274	1531	1119	1856	166	205	148	158	254	181	47	78	0
*	*	3p	+	11	2686054	1897463	2068436	2667072	9319025	67839	3188	2892	3233	986	1043	1114	1703	1217	1405	1137	1843	217	226	144	172	240	173	64	80	0
*	*	3p	+	12	2694536	1924672	2057199	2642602	9319009	66898	3066	2886	3175	975	1109	1078	1687	1133	1331	1038	1856	204	224	153	150	297	223	62	60	0
*	*	3p	+	13	2658917	1954649	2073006	2632318	9318890	64521	3283	2838	3062	1048	1060	1169	1657	1099	1368	1132	1954	211	247	127	155	309	263	62	67	0
*	*	3p	+	14	2641781	1955111	2076863	2645132	9318887	63805	3414	2841	3108	988	1033	1125	1582	1159	1344	1123	1951	254	278	140	173	344	292	62	69	0
*	*	3p	+	15	2628763	1960248	2072960	2656863	9318834	62768	3427	2734	3140	942	978	1109	1683	1165	1424	1061	2073	246	292	126	145	360	310	65	84	0
*	*	3p	+	16	2664872	1940959	2067529	2645447	9318807	61878	3444	2806	3031	1018	1068	1088	1572	1149	1402	1116	2003	248	300	124	138	370	329	82	69	0
*	*	3p	+	17	2705306	1917257	2033926	2662337	9318826	60458	3589	2767	3008	1077	1089	1049	1595	1090	1333	1013	1953	276	336	127	146	343	338	59	83	0
*	*	3p	+	18	2688143	1920006	2058894	2651784	9318827	59697	3719	2865	2946	974	1020	1078	1563	969	1328	1098	2097	249	319	102	176	348	340	63	74	0
*	*	3p	+	19	2670273	1953629	2040579	2654280	9318761	57516	3895	2720	2980	960	1031	1138	1588	1139	1237	1068	2094	255	319	134	156	386	373	67	69	0
*	*	3p	+	20	2672042	1930586	2035403	2680736	9318767	54841	3890	2649	3029	924	1017	1063	1554	1184	1327	1103	2096	247	313	142	160	342	382	86	77	0
*	*	3p	+	21	2711892	1903114	2035816	2651021	9301843	53018	3889	2831	2882	997	1059	1088	1462	1083	1330	982	2036	258	353	109	153	401	432	63	89	0
*	*	3p	+	22	2717646	1919455	1992364	2648349	9277814	49425	4006	2757	2923	1034	1060	1051	1433	1028	1229	1013	1961	331	357	140	167	390	428	83	77	0
*	*	3p	+	23	2688372	1899571	2025853	2632413	9246209	47864	3998	2728	2854	919	1027	1109	1455	1056	1147	1185	2197	305	376	138	133	428	426	64	69	0
*	*	3p	+	24	2653669	1906659	2006111	2639841	9206280	45113	4053	2700	2884	973	1047	1079	1504	1079	1218	1108	2166	325	404	115	136	424	427	69	85	0
*	*	3p	+	25	2608144	1899101	1976738	2670732	9154715	42440	4227	2637	2920	979	988	1035	1375	1168	1354	1043	2073	322	387	97	143	417	450	74	80	0
*	*	3p	+	26	2636607	1877507	1955904	2620372	9090390	39559	4188	2805	2968	1122	1030	1059	1370	1063	1208	1179	2089	359	388	122	133	436	447	79	91	0
*	*	3p	+	27	2656736	1829710	1941129	2582899	9010474	36646	4172	2766	2689	1046	1078	1016	1251	1030	1162	950	1994	335	391	123	148	453	445	76	88	0
*	*	3p	+	28	2604306	1818011	1930397	2561520	8914234	35047	4236	2734	2769	994	1020	984	1219	992	1059	1070	2099	334	425	123	148	417	441	57	68	0
*	*	3p	+	29	2580106	1804547	1886430	2527003	8798086	32592	4236	2666	2611	1032	1103	1011	1279	1070	1032	1040	2176	358	425	146	169	456	436	56	80	0
*	*	3p	+	30	2504602	1761744	1836067	2565140	8667553	30025	4350	2493	2752	951	987	937	1226	1052	1192	1017	2109	355	434	130	141	442	442	71	93	0
*	*	3p	+	31	2480193	1728502	1807684	2505175	8521554	27655	4304	2672	2646	962	1069	988	1153	1100	1071	933	2041	349	403	135	158	452	475	82	81	0
*	*	3p	+	32	2452055	1682018	1758085	2466876	8359034	25847	4267	2672	2479	982	1064	869	1125	956	1110	940	1856	360	422	113	162	438	457	81	92	0
*	*	3p	+	33	2399071	1660375	1708731	2412529	8180706	23770	4279	2482	2369	892	966	962	1161	959	996	1032	1964	382	409	122	169	439	460	68	87	0
*	*	3p	+	34	2321977	1622252	1692363	2349678	7986270	22430	4286	2369	2349	930	960	931	1053	923	982	889	1986	356	413	118	140	423	454	87	81	0
*	*	3p	+	35	2257510	1575421	1619648	2323140	7775719	20468	4056	2364	2409	852	874	903	1095	949	1104	893	1796	393	371	110	169	446	457	64	70	0
*	*	3p	+	36	2243953	1508118	1573996	2223662	7549729	19106	4095	2476	2282	868	935	814	1071	890	994	886	1749	349	382	106	154	387	443	63	61	0
*	*	3p	+	37	2177843	1441759	1523763	2164656	7308021	17718	4026	2245	2242	820	900	808	964	870	991	840	1715	323	336	114	114	394	436	68	61	0
*	*	3p	+	38	2100059	1392673	1477135	2081584	7051451	16883	3909	2333	2020	760	816	803	976	810	884	798	1798	314	348	101	132	396	380	57	89	0
*	*	3p	+	39	2006743	1352067	1404593	2013999	6777402	15361	3899	2056	1940	762	828	800	923	785	928	823	1693	319	301	97	136	385	379	62	54	0
*	*	3p	+	40	1927497	1272778	1335833	1957848	6493956	13881	3720	2039	2108	786	836	694	910	810	919	779	1613	309	319	97	109	347	338	58	66	0
*	*	3p	+	41	1862507	1213361	1270062	1861780	6207710	12846	3470	1914	1860	725	797	651	838	718	822	689	1532	318	297	83	106	333	347	48	57	0
*	*	3p	+	42	1777482	1164096	1203427	1776906	5921911	11753	3437	1856	1747	636	745	666	818	670	764	649	1452	270	289	80	91	324	318	49	69	0
*	*	3p	+	43	1664058	1124364	1142713	1707327	5638462	10962	3391	1718	1720	683	709	660	740	666	720	666	1380	260	269	112	103	332	313	58	74	0
*	*	3p	+	44	1579524	1061187	1103222	1614586	5358519	10089	3259	1651	1627	642	610	637	737	622	664	590	1415	238	267	75	98	318	316	53	64	0
*	*	3p	+	45	1497351	1005869	1043315	1535700	5082235	9414	3138	1580	1572	519	581	552	634	582	758	588	1266	242	226	85	90	295	328	37	32	0
*	*	3p	+	46	1434790	932796	989157	1453088	4809831	8703	2858	1595	1439	548	681	483	631	586	618	502	1188	250	218	74	72	293	254	34	52	0
*	*	3p	+	47	1371606	876062	923642	1368022	4539332	7835	2709	1399	1350	496	594	466	554	490	605	483	1118	228	220	65	84	286	227	37	57	0
*	*	3p	+	48	1276229	834451	879060	1284686	4274426	7479	2639	1389	1370	540	538	495	582	482	552	522	1093	182	196	79	81	227	243	33	43	0
*	*	3p	+	49	1194754	787429	820743	1213191	4016117	6673	2638	1265	1222	480	475	498	551	491	543	464	1040	180	183	60	76	181	229	30	47	0
*	*	3p	+	50	1117456	732142	761500	1155449	3766547	6351	2544	1163	1132	465	469	419	423	445	550	434	1006	176	161	52	53	196	231	39	41	0
*	*	3p	+	51	1053742	691088	711844	1070485	3527159	5770	2359	1205	1111	392	516	398	440	450	486	427	899	175	149	50	51	162	168	21	40	0
*	*	3p	+	52	999434	631015	666156	1003701	3300306	5285	2115	1109	987	390	463	358	432	358	482	337	849	140	140	44	45	162	175	25	28	0
*	*	3p	+	53	925292	600103	630791	929023	3085209	4972	2029	1004	933	354	419	375	423	363	396	405	835	122	131	37	49	134	146	24	23	0
*	*	3p	+	54	862502	559348	589015	871596	2882461	4661	1982	1021	897	302	348	374	414	348	389	350	759	129	117	23	39	146	154	17	16	0
*	*	3p	+	55	797094	526699	543983	822841	2690617	4401	1917	849	894	281	325	324	342	344	423	308	675	92	108	45	35	136	159	22	14	0
*	*	3p	+	56	753139	482727	509565	763865	2509296	3930	1721	819	776	308	304	301	346	292	348	337	642	100	109	34	33	88	117	20	12	0
*	*	3p	+	57	704858	451877	470151	710710	2337596	3627	1598	744	693	252	320	247	303	263	345	268	619	80	93	29	40	113	130	14	20	0
*	*	3p	+	58	651341	419441	445285	659432	2175499	3456	1394	664	596	227	262	269	285	281	318	306	579	74	83	19	43	89	108	24	13	0
*	*	3p	+	59	608831	387771	411877	613314	2021793	3276	1384	668	609	228	246	255	291	256	267	249	513	81	86	19	38	91	93	14	20	0
*	*	3p	+	60	560431	362146	376427	578663	1877667	2856	1284	592	651	221	238	248	242	239	287	194	461	87	73	25	39	102	100	15	18	0
*	*	3p	+	61	527274	336702	345334	533551	1742861	2679	1149	567	539	215	234	204	224	223	257	159	445	46	59	18	30	89	89	9	15	0
*	*	3p	+	62	490309	310782	319712	497785	1618588	2514	1075	530	493	198	222	144	224	186	247	182	430	49	72	13	17	75	94	14	14	0
*	*	3p	+	63	452240	291206	301873	460530	1505849	2389	1007	488	456	152	196	163	187	185	190	163	357	54	60	16	29	74	76	12	5	0
*	*	3p	+	64	418778	273562	279644	429182	1401166	2162	933	423	412	150	190	153	212	196	186	186	396	55	57	20	27	54	66	10	9	0
*	*	3p	+	65	390877	250152	261537	402829	1305395	1929	907	429	426	144	163	138	160	170	198	170	326	47	51	16	29	48	70	9	11	0
*	*	3p	+	66	367973	233868	242106	372558	1216505	1897	852	427	349	132	152	118	164	144	167	118	298	52	50	12	23	38	63	11	6	0
*	*	3p	+	67	345252	217258	224601	347759	1134870	1687	745	356	324	124	135	133	142	105	151	125	274	36	50	19	12	48	60	10	8	0
*	*	3p	+	68	319255	203187	213327	323435	1059204	1721	676	316	282	102	159	126	149	130	145	136	273	39	49	12	9	45	56	9	7	0
*	*	3p	+	69	297901	191223	198686	301284	989094	1617	700	283	274	107	143	122	140	125	128	104	219	29	33	16	15	35	57	5	8	0
*	*	3p	+	70	276207	178990	180810	287853	923860	1456	620	266	287	105	109	103	128	85	115	123	236	34	44	12	12	35	48	5	5	0
*	*	3p	-	1	2768392	1855279	1886184	2800642	9310497	170251	3542	3110	4706	1428	1792	1257	3168	1386	2510	1224	2303	204	164	69	112	607	459	148	132	9311942
*	*	3p	-	2	2787019	1855529	1953289	2714622	9310459	158445	3364	3055	4331	1213	1620	1088	2665	1268	2285	1181	2272	272	300	123	168	634	479	126	143	9311942
*	*	3p	-	3	2981077	1723632	2053463	2552300	9310472	149323	3203	2894	3784	1098	1445	1172	2748	1348	2190	1146	2159	336	305	151	165	693	455	121	125	9311942
*	*	3p	-	4	3014664	1803557	2001431	2490938	9310590	127390	3273	2836	3829	1185	1198	1228	2590	1258	1939	1239	1999	366	362	166	202	584	429	100	137	9311942
*	*	3p	-	5	2788307	1883252	2053285	2585776	9310620	112277	3282	2751	3795	987	1096	1228	2231	1224	1808	1151	1927	328	513	176	199	508	582	107	121	9311942
*	*	3p	-	6	2792163	1846569	2043896	2628063	9310691	98639	3071	2952	3506	1024	1162	1137	2021	1182	1717	1087	1851	342	515	157	210	503	568	84	93	0
*	*	3p	-	7	2740298	1895495	2039933	2635019	9310745	87636	3228	2928	3447	1076	1102	1072	1916	1160	1511	1042	1783	379	479	162	208	482	444	94	100	0
*	*	3p	-	8	2714801	1892344	2045250	2658384	9310779	79974	3136	2833	3409	1019	1104	1077	1796	1185	1464	1218	1801	395	449	171	224	420	489	81	88	0
*	*	3p	-	9	2690474	1910496	2078716	2631281	9310967	75473	3146	2824	3116	988	1002	1149	1918	1104	1414	1124	1920	368	415	160	190	425	367	74	104	0
*	*	3p	-	10	2668494	1894057	2086487	2661832	9310870	70869	3189	2908	3340	1034	1059	1099	1750	1140	1498	986	1769	347	482	163	164	418	483	74	91	0
*	*	3p	-	11	2688282	1896784	2065295	2660449	9310810	67133	3185	2978	3250	979	1145	1175	1734	1123	1409	1101	1838	374	482	164	187	424	467	62	101	0
*	*	3p	-	12	2699801	1921107	2057042	2632915	9310865	66251	3002	2822	3080	1003	1086	1032	1608	1137	1351	986	1808	326	427	154	180	458	441	72	102	0
*	*	3p	-	13	2663647	1953191	2070935	2623017	9310790	64681	3387	2790	3045	1113	1052	1108	1642	1105	1333	1138	1916	398	386	163	165	450	450	94	86	0
*	*	3p	-	14	2648038	1956485	2070938	2635382	9310843	63100	3285	2894	3166	975	1035	1131	1650	1109	1228	1087	1931	404	402	145	181	509	415	71	99	0
*	*	3p	-	15	2632422	1962324	2073057	2643030	9310833	63137	3425	2778	3037	951	989	1123	1647	1173	1380	1096	1989	374	404	158	160	464	458	78	105	0
*	*	3p	-	16	2666246	1935651	2069604	2639274	9310775	61845	3466	2867	3035	1022	1126	1017	1535	1090	1449	1026	1984	371	435	129	167	509	479	78	95	0
*	*	3p	-	17	2710348	1915745	2032770	2652018	9310881	60235	3680	2764	3184	1045	1187	1115	1561	1102	1353	1003	1981	403	419	135	166	502	389	79	84	0
*	*	3p	-	18	2698370	1919867	2050903	2641629	9310769	59074	3759	2723	2967	991	1005	1141	1638	1083	1183	1112	2060	410	393	106	158	495	526	68	82	0
*	*	3p	-	19	2672939	1951566	2038151	2648124	9310780	56916	3988	2649	3054	1037	1037	1123	1509	1116	1214	1008	2123	382	395	126	142	503	491	77	81	0
*	*	3p	-	20	2676068	1931601	2032702	2670419	9310790	55102	4143	2660	3074	933	1014	1044	1557	1133	1305	1063	2049	374	370	101	146	488	491	82	88	0
*	*	3p	-	21	2712842	1900539	2036453	2644113	9293947	52831	3974	2837	3006	978	1146	1109	1481	1087	1309	993	2091	362	361	119	138	476	382	78	80	0
*	*	3p	-	22	2718079	1919273	1993029	2639459	9269840	49908	3947	2717	2970	1009	1111	1052	1406	1045	1256	1000	1971	358	334	112	157	453	396	91	74	0
*	*	3p	-	23	2695405	1898888	2022372	2622080	9238745	47734	4058	2685	2830	1045	1030	1048	1363	1021	1214	1066	2077	362	333	147	160	424	398	89	89	0
*	*	3p	-	24	2656826	1905157	2005599	2631321	9198903	45469	4187	2793	2879	1031	1102	1036	1416	1077	1256	1104	2128	333	336	142	180	399	412	80	78	0
*	*	3p	-	25	2614160	1892931	1979700	2660988	9147779	42220	4345	2755	3027	995	1052	1116	1464	1159	1365	1013	2098	350	349	130	145	416	390	79	91	0
*	*	3p	-	26	2640765	1871366	1955413	2616283	9083827	39622	4181	2726	3039	1082	1056	1075	1342	1151	1230	1112	1922	385	312	134	163	427	350	77	99	0
*	*	3p	-	27	2659001	1827536	1940712	2576819	9004068	36769	4130	2915	2726	1074	1077	1017	1328	1078	1205	1030	2077	327	277	143	138	373	368	70	66	0
*	*	3p	-	28	2612053	1818439	1924637	2552548	8907677	34678	4199	2721	2741	985	1017	1071	1299	983	1131	1059	2127	303	302	142	149	378	348	66	80	0
*	*	3p	-	29	2583541	1803706	1886303	2518136	8791686	32471	4292	2588	2674	1043	1058	1111	1226	1002	1091	1007	2201	304	310	120	138	337	334	87	71	0
*	*	3p	-	30	2512911	1764295	1831737	2551995	8660938	29502	4385	2583	2764	994	949	1032	1344	1032	1209	973	2109	263	304	127	155	336	363	94	82	0
*	*	3p	-	31	2484504	1727977	1807523	2495056	8515060	28116	4204	2651	2622	964	1060	1023	1197	1079	1097	977	2071	276	307	99	142	309	359	72	74	0
*	*	3p	-	32	2454721	1679386	1757527	2461078	8352712	25548	4224	2664	2577	1043	1096	925	1160	978	1049	985	2042	248	260	91	178	331	327	55	66	0
*	*	3p	-	33	2406668	1660742	1706224	2400653	8174287	23999	4185	2516	2456	997	967	962	1183	981	1019	960	1977	265	260	100	103	304	274	70	70	0
*	*	3p	-	34	2327511	1623440	1691779	2338103	7980833	22778	4306	2377	2358	858	1013	966	1117	985	993	987	2002	270	229	99	139	291	280	64	56	0
*	*	3p	-	35	2266309	1576338	1618712	2309196	7770555	20557	4115	2267	2423	892	916	970	1174	938	1164	930	1846	235	238	78	117	294	273	67	65	0
*	*	3p	-	36	2249164	1506317	1572464	2216940	7544885	19473	3913	2484	2341	909	949	851	984	893	1094	879	1715	236	231	94	119	254	256	67	71	0
*	*	3p	-	37	2180422	1439026	1522892	2161479	7303819	17689	4075	2228	2239	924	919	776	989	891	1022	793	1742	227	196	82	122	229	285	55	59	0
*	*	3p	-	38	2106505	1391775	1475493	2073439	7047212	16708	3894	2182	2095	849	887	853	949	815	925	901	1738	207	206	84	111	241	239	54	72	0
*	*	3p	-	39	2012674	1347760	1408159	2005771	6774364	15226	3922	2189	2008	818	878	844	911	834	856	788	1668	187	166	87	113	206	235	63	50	0
*	*	3p	-	40	1935489	1273459	1333675	1950083	6492706	13878	3791	1947	1974	824	813	758	826	764	902	743	1499	188	189	79	114	203	195	44	62	0
*	*	3p	-	41	1868193	1212909	1269617	1854537	6205256	12963	3609	1915	1923	728	876	723	852	676	812	714	1492	160	164	96	100	199	199	47	29	0
*	*	3p	-	42	1782663	1162963	1202569	1772259	5920454	11889	3422	1841	1747	687	802	680	793	692	766	642	1382	167	136	79	107	199	174	40	46	0
*	*	3p	-	43	1672227	1124122	1140537	1699608	5636494	11086	3392	1705	1744	652	801	694	796	626	737	716	1456	147	134	56	70	153	179	44	49	0
*	*	3p	-	44	1582866	1060131	1103358	1610001	5356356	10386	3268	1679	1559	661	700	651	740	620	658	671	1386	138	140	61	76	138	152	44	44	0
*	*	3p	-	45	1502105	1009181	1042765	1526844	5080895	9520	3103	1558	1638	609	639	644	660	636	686	592	1270	97	126	76	81	139	142	37	33	0
*	*	3p	-	46	1439093	933179	991421	1445388	4809081	8780	2843	1636	1488	586	701	566	695	592	705	579	1212	119	107	64	60	116	138	32	34	0
*	*	3p	-	47	1374814	875791	925073	1363527	4539205	7988	2769	1420	1478	564	612	489	609	531	610	537	1144	103	93	64	92	135	135	21	25	0
*	*	3p	-	48	1282408	835837	877921	1279065	4275231	7387	2640	1334	1295	535	568	485	588	502	588	553	1045	98	110	55	81	109	109	25	24	0
*	*	3p	-	49	1202887	787109	820775	1206980	4017751	6915	2584	1277	1197	484	464	465	498	474	612	506	1064	83	107	73	64	110	132	24	31	0
*	*	3p	-	50	1121980	731914	764782	1149803	3768479	6385	2481	1141	1149	442	522	476	515	444	538	424	968	92	100	55	44	95	125	22	26	0
*	*	3p	-	51	1058690	690483	712082	1066724	3527979	5791	2333	1164	1160	457	523	425	477	403	508	373	872	69	89	32	54	99	101	32	30	0
*	*	3p	-	52	1000038	631496	668183	1001294	3301011	5513	2218	1196	990	414	447	425	400	425	460	375	844	97	66	33	40	92	73	18	21	0
*	*	3p	-	53	929954	599547	630147	926113	3085761	4963	2086	1046	943	358	481	390	451	386	465	387	816	71	55	30	32	76	81	17	19	0
*	*	3p	-	54	868743	559642	588727	866661	2883773	4764	1976	1006	855	406	355	357	388	372	382	357	769	55	58	32	41	63	79	18	19	0
*	*	3p	-	55	799343	526098	546369	819836	2691646	4348	1845	845	869	324	373	340	376	324	365	306	693	59	63	35	40	68	65	13	11	0
*	*	3p	-	56	757680	481527	509871	760986	2510064	3969	1819	830	750	346	358	302	321	296	335	318	598	74	61	33	23	68	66	17	11	0
*	*	3p	-	57	707690	451771	470705	708580	2338746	3734	1594	747	724	303	312	255	351	258	334	243	583	58	44	25	19	61	62	11	15	0
*	*	3p	-	58	656857	419973	446237	654486	2177553	3525	1474	724	691	266	302	285	311	263	318	269	572	46	39	38	30	57	59	16	12	0
*	*	3p	-	59	611764	389178	412887	609776	2023605	3168	1406	657	596	257	255	276	294	245	303	259	551	44	39	21	29	45	51	7	13	0
*	*	3p	-	60	565882	361049	376239	575926	1879096	2850	1316	585	675	255	264	225	242	259	302	231	525	49	48	17	23	63	49	16	13	0
*	*	3p	-	61	530126	336758	346943	530897	1744724	2684	1143	570	535	228	265	204	255	201	236	216	406	49	30	26	16	41	44	11	9	0
*	*	3p	-	62	494208	311636	318818	496253	1620915	2516	1110	533	499	236	222	169	228	183	220	138	399	42	27	23	27	44	45	14	7	0
*	*	3p	-	63	454800	292415	302786	457605	1507606	2343	1057	515	421	196	202	192	193	162	231	199	423	36	21	9	21	38	37	8	8	0
*	*	3p	-	64	422266	273231	280522	426684	1402703	2305	1009	443	407	164	214	157	215	179	168	153	374	27	23	14	19	40	36	9	7	0
*	*	3p	-	65	392826	250516	262597	401617	1307556	2080	930	413	420	146	173	154	179	184	207	140	341	32	25	10	14	31	35	10	10	0
*	*	3p	-	66	371209	233532	243000	370913	1218654	1893	841	418	349	142	170	162	162	145	175	133	289	29	23	22	12	26	29	5	8	0
*	*	3p	-	67	346653	217548	226174	346139	1136514	1770	777	388	338	109	175	125	150	132	175	137	261	15	15	9	14	17	19	4	6	0
*	*	3p	-	68	323049	202917	212713	321697	1060376	1666	718	366	321	128	144	133	153	122	149	153	279	24	21	18	8	24	20	4	9	0
*	*	3p	-	69	301030	190677	199239	299315	990261	1601	608	284	288	120	135	110	135	110	120	109	230	17	19	10	9	18	24	7	3	0
*	*	3p	-	70	278703	178496	181626	286078	924903	1488	622	296	290	102	121	126	133	106	134	109	230	12	18	13	6	21	22	9	5	0
*	*	5p	+	1	2849121	1761414	1950748	2757474	9318757	3236	9536	3100	2851	1224	1466	1100	1242	1252	1542	1192	2666	155	201	55	49	293	440	76	85	9319658
*	*	5p	+	2	2770394	1827956	1954780	2765679	9318809	3071	7836	3116	2858	1097	1345	1114	1254	1165	1390	1071	2274	176	251	87	65	292	405	71	75	9319658
*	*	5p	+	3	2608581	1921558	1830508	2958166	9318813	2846	7542	2816	2846	1192	1413	1046	1117	1132	1300	1138	2678	210	283	88	86	266	416	70	86	9319658
*	*	5p	+	4	2544009	1877156	1906898	2990730	9318793	2838	6998	3003	2959	1228	1280	1116	1225	1130	1102	1207	2564	223	300	76	71	313	381	78	83	9319658
*	*	5p	+	5	2627130	1945160	1980030	2766415	9318735	2865	6050	3024	2656	1148	1155	1122	1173	1114	1015	1244	2376	356	277	78	84	438	334	66	81	9319658
*	*	5p	+	6	2673717	1939788	1932623	2772592	9318720	2669	5680	3030	2890	1173	1184	1140	1064	1207	1135	1145	2235	337	273	104	103	407	360	79	79	0
*	*	5p	+	7	2675435	1951599	1979198	2712547	9318779	2761	5270	3105	2884	1099	1077	1230	1062	1260	1077	1106	2284	322	311	74	91	373	339	81	81	0
*	*	5p	+	8	2690065	1952246	1977998	2698434	9318743	2882	4993	2992	2889	1073	1112	1108	1060	1110	1136	1137	2242	299	285	99	101	391	364	74	79	0
*	*	5p	+	9	2665937	1977786	1994885	2680206	9318814	2874	4963	2809	2791	1057	1046	1132	1116	1088	1072	1133	2397	268	316	106	89	317	356	79	86	0
*	*	5p	+	10	2687407	1990779	1984235	2656275	9318696	3182	4995	2921	2754	1145	1107	973	1078	1052	1015	1071	2440	352	293	90	102	429	389	65	71	0
*	*	5p	+	11	2690738	1975420	1985709	2666777	9318644	3639	4757	3177	2796	1108	1133	1139	1102	1208	1158	1074	2337	320	320	89	102	399	417	66	93	0
*	*	5p	+	12	2663284	1965512	2011820	2678020	9318636	4643	4776	3090	2886	1095	1107	1059	1014	1176	1081	1008	2355	348	307	81	122	409	427	89	95	0
*	*	5p	+	13	2643367	1971066	2056574	2647643	9318650	6700	4587	2924	2828	986	1153	1088	1098	1099	1098	1143	2429	284	361	90	111	390	427	90	90	0
*	*	5p	+	14	2661230	1968316	2057719	2631337	9318602	9617	4753	2992	2828	1043	1025	1096	1160	1141	1050	1115	2321	310	372	96	106	401	474	74	90	0
*	*	5p	+	15	2670734	1966914	2063350	2617566	9318564	13185	4514	2974	2736	1065	1103	1095	1091	1076	996	1222	2233	360	366	99	100	457	491	67	78	0
*	*	5p	+	16	2669745	1960721	2036616	2651472	9318554	17251	4615	2881	2857	1043	1099	1026	1177	1075	1181	1085	2207	374	371	96	105	464	481	61	93	0
*	*	5p	+	17	2690285	1930857	2015950	2681486	9318578	21858	4443	2929	2821	1083	1061	960	1129	1087	1080	1019	2213	335	392	87	108	415	497	83	82	0
*	*	5p	+	18	2672628	1942097	2026684	2677086	9318495	26516	4520	2803	2809	974	986	1116	1199	1020	1059	1142	2304	390	392	95	112	504	488	79	90	0
*	*	5p	+	19	2682561	1925593	2057386	2652991	9318531	31289	4388	2797	2639	957	1030	1073	1210	996	1118	1033	2258	336	392	87	119	486	471	77	90	0
*	*	5p	+	20	2705653	1923941	2035872	2653102	9318568	35810	4283	2846	2732	1068	1092	1082	1288	1059	1060	1065	2338	349	365	101	152	441	429	67	78	0
*	*	5p	+	21	2686738	1925764	2010108	2679185	9301795	39506	4502	2901	2833	1031	1150	1037	1283	967	1159	1112	2159	311	369	104	138	390	481	71	86	0
*	*	5p	+	22	2675956	1884335	2028107	2689447	9277845	43729	4158	2836	2865	1044	1066	985	1334	1131	1190	1060	2220	281	338	105	137	375	425	69	81	0
*	*	5p	+	23	2659758	1904827	2015078	2666523	9246186	47083	4161	2780	2848	961	1011	1070	1368	1051	1160	997	2122	309	344	88	153	391	460	71	88	0
*	*	5p	+	24	2663931	1889518	2018332	2634456	9206237	50830	4190	2763	2752	993	1032	1130	1510	1081	1245	1101	2263	306	360	104	135	427	445	76	87	0
*	*	5p	+	25	2685883	1869856	2008590	2590400	9154729	54194	3762	2804	2825	979	1064	1052	1385	979	1117	1040	2139	313	361	133	157	400	445	69	89	0
*	*	5p	+	26	2652919	1849067	1979362	2609116	9090464	56764	3816	2657	2896	1025	1056	929	1390	1000	1280	1052	2025	299	359	133	141	373	439	80	85	0
*	*	5p	+	27	2616161	1834041	1936697	2623699	9010598	57941	3762	2729	2929	989	1074	987	1411	1015	1201	991	2180	261	328	133	170	403	382	66	89	0
*	*	5p	+	28	2583355	1817899	1925995	2587036	8914285	59753	3712	2643	2962	939	993	995	1450	1099	1272	1060	2042	254	339	127	156	392	410	65	72	0
*	*	5p	+	29	2552312	1773726	1914958	2557223	8798219	61777	3699	2454	2885	927	980	1016	1477	1027	1252	1051	1941	285	318	97	155	388	361	57	94	0
*	*	5p	+	30	2583583	1732335	1869641	2482133	8667692	62809	3560	2795	2748	937	1013	1056	1521	1150	1180	1044	1894	294	324	108	191	408	340	71	90	0
*	*	5p	+	31	2526049	1708354	1832116	2455278	8521797	63533	3402	2508	2756	950	1047	950	1511	1022	1230	969	1866	308	303	110	178	366	344	63	78	0
*	*	5p	+	32	2487166	1664681	1784795	2422592	8359234	64801	3266	2632	2811	882	915	1006	1551	1090	1232	957	1791	289	303	133	165	382	351	74	64	0
*	*	5p	+	33	2431045	1611595	1762897	2375439	8180976	65888	3296	2401	2769	911	976	939	1500	1027	1276	990	1799	238	294	129	177	347	292	79	70	0
*	*	5p	+	34	2367234	1596516	1719745	2303050	7986545	65970	3112	2327	2753	850	913	938	1600	997	1176	894	1806	226	275	132	154	321	313	61	77	0
*	*	5p	+	35	2326749	1532773	1676419	2240089	7776030	67147	3044	2292	2619	875	1008	936	1497	915	1166	950	1799	236	253	140	170	294	302	65	67	0
*	*	5p	+	36	2246597	1488844	1596747	2217585	7549773	65859	3055	2253	2678	797	895	883	1456	906	1238	948	1558	209	265	120	185	286	292	65	70	0
*	*	5p	+	37	2181653	1444602	1529452	2152607	7308314	64713	2720	2133	2546	768	936	747	1352	903	1178	813	1499	219	282	129	148	306	247	49	61	0
*	*	5p	+	38	2096808	1390946	1482886	2081017	7051657	64689	2689	2085	2614	725	855	877	1440	882	1195	837	1492	210	256	134	141	334	275	48	52	0
*	*	5p	+	39	2025732	1325775	1439036	1986901	6777444	64215	2608	2159	2369	716	772	927	1456	959	1139	875	1454	190	230	104	139	282	225	58	74	0
*	*	5p	+	40	1967983	1261490	1355594	1909019	6494086	62034	2424	1937	2330	740	814	807	1316	809	1074	719	1381	177	233	118	118	300	267	44	65	0
*	*	5p	+	41	1876004	1201948	1290856	1839130	6207938	60511	2321	1833	2191	693	775	695	1196	774	1108	694	1328	188	241	121	147	239	218	48	51	0
*	*	5p	+	42	1790753	1138153	1239277	1753945	5922128	59773	2236	1765	2217	652	725	629	1291	723	1118	675	1187	174	215	119	136	244	201	45	50	0
*	*	5p	+	43	1715451	1074572	1200792	1647902	5638717	58193	2067	1638	2087	612	665	672	1224	744	1042	655	1279	184	203	124	114	218	190	63	51	0
*	*	5p	+	44	1628015	1037857	1133393	1559492	5358757	56771	2034	1535	1998	609	630	691	1168	647	942	603	1130	175	170	101	121	232	185	46	49	0
*	*	5p	+	45	1543990	983201	1076696	1478540	5082427	54902	1936	1625	1822	589	660	634	1067	575	941	626	1049	176	165	103	106	221	185	42	53	0
*	*	5p	+	46	1465646	934724	996669	1412998	4810037	51809	1719	1487	1914	518	644	633	1074	605	896	556	948	159	185	101	102	197	153	40	38	0
*	*	5p	+	47	1381080	874173	937247	1346878	4539378	50282	1550	1485	1791	539	570	559	1005	544	846	488	937	138	170	81	98	185	145	44	38	0
*	*	5p	+	48	1295455	827193	894577	1257363	4274588	48383	1639	1300	1646	488	512	539	952	525	816	463	903	140	162	87	108	175	127	36	38	0
*	*	5p	+	49	1223477	770779	842569	1179414	4016239	46298	1443	1136	1521	453	514	472	968	466	715	527	825	123	135	74	102	167	146	23	28	0
*	*	5p	+	50	1163184	719776	784593	1099143	3766696	44088	1368	1158	1394	402	457	456	895	457	698	496	832	118	137	75	80	167	128	26	34	0
*	*	5p	+	51	1084675	670572	736676	1035290	3527213	41865	1219	1082	1351	377	461	408	805	407	661	425	672	125	113	78	73	156	114	31	37	0
*	*	5p	+	52	1015439	630742	677591	976620	3300392	39649	1223	1002	1333	352	433	380	750	427	689	379	615	107	96	60	63	138	103	27	38	0
*	*	5p	+	53	940914	592898	642658	908798	3085268	37679	1140	953	1254	333	396	423	765	387	640	394	683	109	96	77	67	123	86	23	36	0
*	*	5p	+	54	880329	551818	601723	848620	2882490	36097	1056	860	1194	316	354	373	747	407	589	379	573	101	101	56	65	151	95	27	31	0
*	*	5p	+	55	829912	514427	564680	781657	2690676	33874	952	879	1088	308	378	315	671	350	555	336	582	83	99	51	69	105	95	30	38	0
*	*	5p	+	56	774102	479445	517453	738313	2509313	31237	918	745	1038	327	327	309	587	344	545	310	506	78	107	55	60	106	69	25	20	0
*	*	5p	+	57	720655	443752	485333	687904	2337644	29324	916	720	954	277	322	302	620	309	503	279	454	85	95	45	49	108	74	16	30	0
*	*	5p	+	58	666206	417909	450523	640922	2175560	27312	859	684	914	259	301	292	537	325	450	305	424	71	68	50	38	76	69	16	20	0
*	*	5p	+	59	619937	386550	417996	597361	2021844	25336	724	606	783	247	249	262	526	249	407	236	396	59	80	58	55	79	46	20	21	0
*	*	5p	+	60	582942	355638	388236	550912	1877728	23575	687	616	744	221	281	214	495	255	397	224	365	64	86	32	39	82	57	13	21	0
*	*	5p	+	61	540028	326172	360119	516582	1742901	21486	609	578	735	205	240	253	468	230	408	196	332	58	71	35	40	82	48	13	19	0
*	*	5p	+	62	504053	301016	334974	478594	1618637	19931	552	513	657	184	197	190	409	243	335	210	321	44	67	41	44	84	37	11	16	0
*	*	5p	+	63	466055	283436	313358	443031	1505880	18518	544	495	612	171	222	192	405	188	299	192	285	47	57	27	43	74	30	16	16	0
*	*	5p	+	64	433713	263316	292779	411371	1401179	17316	490	440	556	153	201	177	356	179	350	182	316	37	42	31	34	61	33	12	18	0
*	*	5p	+	65	407307	246476	268797	382829	1305409	15636	448	449	544	145	191	141	327	168	279	165	260	44	42	24	37	58	37	12	17	0
*	*	5p	+	66	377468	228979	249917	360130	1216494	14742	443	416	442	151	172	153	310	148	275	169	194	49	42	29	20	69	36	11	13	0
*	*	5p	+	67	352842	212258	232558	337230	1134888	13203	382	359	445	139	148	133	264	134	287	131	204	30	38	31	23	50	30	11	17	0
*	*	5p	+	68	327385	199308	217721	314812	1059226	12519	390	342	433	133	135	132	255	148	235	135	214	30	48	25	19	33	36	8	19	0
*	*	5p	+	69	305195	186621	204127	293160	989103	11512	362	318	380	107	142	111	268	135	226	131	207	32	31	20	21	48	27	5	13	0
*	*	5p	+	70	291066	170873	191445	270479	923863	10508	276	304	357	111	142	111	218	111	219	102	172	29	36	30	22	43	27	7	12	0
*	*	5p	-	1	2855398	1760101	1946579	2749555	9311633	3268	9453	3176	2959	1299	1526	1157	1289	1298	1575	1144	2739	35	36	52	32	97	94	59	53	9311942
*	*	5p	-	2	2778814	1828334	1953874	2750624	9311646	2980	7799	3070	2801	1226	1370	1172	1169	1234	1364	1051	2164	47	46	66	52	90	72	70	56	9311942
*	*	5p	-	3	2617677	1919456	1827895	2946591	9311619	2893	7684	2846	2891	1259	1416	1110	1187	1046	1204	1152	2523	56	61	56	59	87	91	68	68	9311942
*	*	5p	-	4	2553500	1875100	1904645	2978392	9311637	2824	7020	2962	2913	1310	1284	1228	1127	1113	1107	1222	2545	78	59	73	59	94	102	57	49	9311942
*	*	5p	-	5	2632891	1944370	1976651	2757688	9311600	2867	5942	3059	2816	1200	1302	1176	1124	1148	1009	1201	2292	71	60	78	56	98	109	64	67	9311942
*	*	5p	-	6	2681720	1941877	1931898	2756069	9311564	2756	5703	3036	2943	1271	1240	1150	1142	1153	1220	1217	2205	103	92	69	69	106	124	64	62	0
*	*	5p	-	7	2681073	1947704	1976182	2706636	9311595	2684	5318	3093	2910	1176	1128	1225	1153	1322	1165	1079	2290	93	102	67	74	90	126	65	57	0
*	*	5p	-	8	2695565	1952928	1977416	2685643	9311552	2822	4986	3037	2813	1178	1138	1187	1073	1141	1128	1154	2341	116	120	78	71	119	156	54	56	0
*	*	5p	-	9	2673231	1977036	1990933	2670291	9311491	2909	5139	2913	2938	1128	1092	1209	1091	1087	1049	1145	2372	118	98	67	89	139	170	75	62	0
*	*	5p	-	10	2695345	1992638	1981071	2642370	9311424	3292	5028	3001	2883	1176	1126	1118	1186	1027	1035	1137	2401	128	145	72	85	175	197	75	69	0
*	*	5p	-	11	2697076	1972099	1985177	2657016	9311368	3698	4725	3059	2934	1177	1158	1213	1065	1211	1134	1133	2301	127	188	81	82	187	225	63	56	0
*	*	5p	-	12	2668254	1961775	2011346	2669971	9311346	4740	4757	3039	2894	1069	1192	1173	1108	1294	1118	1078	2344	183	168	60	98	231	232	65	63	0
*	*	5p	-	13	2649103	1968239	2054046	2639930	9311318	6692	4718	2979	2849	1090	1100	1158	1117	1097	1089	1137	2349	198	206	89	92	209	259	77	74	0
*	*	5p	-	14	2668341	1968027	2053435	2621459	9311262	9350	4679	2982	2918	1076	1050	1204	1218	1128	1077	1146	2361	210	229	81	91	250	289	62	64	0
*	*	5p	-	15	2676613	1966160	2056832	2611593	9311198	13297	4528	2989	2797	1082	1249	1170	1101	1026	1021	1169	2299	229	209	92	90	286	308	73	71	0
*	*	5p	-	16	2677052	1957746	2037802	2638601	9311201	17595	4601	2915	2814	1094	1136	1130	1176	1087	1190	1106	2222	243	216	75	101	283	304	80	71	0
*	*	5p	-	17	2696654	1928240	2016221	2670074	9311189	21730	4379	2848	2793	1100	1128	1036	1072	1019	1219	977	2283	256	234	82	94	287	331	67	64	0
*	*	5p	-	18	2679214	1944195	2023884	2663882	9311175	26345	4554	2876	2820	1023	1093	1051	1266	1067	1145	1093	2297	233	220	83	109	302	313	57	91	0
*	*	5p	-	19	2686557	1925601	2055821	2643200	9311179	31177	4327	2861	2765	1023	1067	1093	1220	1080	1070	1051	2392	273	235	82	101	330	298	66	64	0
*	*	5p	-	20	2712955	1921858	2033825	2642434	9311072	36111	4406	2927	2702	1071	1183	1037	1242	994	1093	1098	2310	270	223	80	131	347	300	60	78	0
*	*	5p	-	21	2687869	1924999	2009752	2671515	9294135	39496	4339	2829	2843	1065	1086	1061	1280	1042	1266	1044	2174	295	241	96	115	379	315	67	70	0
*	*	5p	-	22	2681807	1882436	2029447	2676292	9269982	43652	4257	2805	2885	1076	1093	1021	1285	1086	1231	1018	2197	309	252	92	110	414	309	66	84	0
*	*	5p	-	23	2662477	1909684	2012133	2654502	9238796	47280	4119	2773	2867	930	1028	1097	1406	1109	1271	1097	2151	321	243	106	142	431	366	71	80	0
*	*	5p	-	24	2669854	1885171	2018510	2625359	9198894	50687	4126	2671	2935	1050	1091	1044	1451	1082	1293	1069	2161	328	300	90	150	399	400	77	83	0
*	*	5p	-	25	2689450	1871233	2006807	2580362	9147852	53771	3878	2766	2782	1012	1163	997	1443	1048	1143	1049	2146	342	327	86	142	393	359	67	89	0
*	*	5p	-	26	2657214	1844832	1979380	2602372	9083798	56587	3905	2685	2926	973	1108	1011	1454	1014	1276	1070	2113	349	320	126	142	429	392	80	82	0
*	*	5p	-	27	2620009	1832600	1935575	2615753	9003937	58137	3736	2595	2901	1001	1074	954	1505	1055	1290	993	2017	351	324	129	141	452	409	62	83	0
*	*	5p	-	28	2590477	1816041	1924530	2576495	8907543	60096	3710	2531	2937	954	1034	1075	1499	1065	1300	1027	2008	353	333	119	168	467	400	62	76	0
*	*	5p	-	29	2555454	1773528	1913795	2548714	8791491	61471	3783	2472	2960	914	962	1025	1595	999	1230	1043	1969	363	345	119	184	435	433	76	78	0
*	*	5p	-	30	2586059	1731213	1868902	2474591	8660765	62237	3582	2775	2737	1023	1043	1053	1527	1110	1125	966	1984	392	348	127	161	446	407	98	96	0
*	*	5p	-	31	2528953	1706587	1832774	2446473	8514787	63956	3456	2588	2794	985	963	912	1534	990	1205	976	1860	387	358	130	195	445	457	81	105	0
*	*	5p	-	32	2493546	1662707	1782690	2413463	8352406	64266	3329	2626	2880	937	972	1001	1464	1122	1302	913	1842	352	353	134	158	474	459	73	80	0
*	*	5p	-	33	2436720	1612223	1761710	2363284	8173937	65555	3322	2361	2875	866	1022	956	1545	1002	1237	953	1879	392	380	137	186	463	441	83	82	0
*	*	5p	-	34	2370493	1597171	1718122	2294709	7980495	66603	3169	2270	2676	850	915	880	1701	939	1225	915	1748	361	407	117	183	435	440	61	87	0
*	*	5p	-	35	2335351	1531282	1674904	2228653	7770190	66317	3078	2385	2635	922	973	894	1513	919	1149	917	1659	356	399	138	177	460	443	87	72	0
*	*	5p	-	36	2248797	1486770	1597327	2211386	7544280	65888	2987	2187	2593	784	943	903	1416	897	1265	890	1577	330	371	146	175	470	452	68	65	0
*	*	5p	-	37	2182869	1442581	1531274	2146724	7303448	64823	2821	2213	2572	857	901	832	1397	872	1214	747	1500	343	395	148	182	436	431	57	75	0
*	*	5p	-	38	2099099	1392668	1481298	2073777	7046842	64809	2782	2001	2653	795	832	809	1396	838	1135	811	1529	350	368	146	179	402	403	81	91	0
*	*	5p	-	39	2031137	1325447	1435427	1981817	6773828	63719	2601	2079	2404	752	822	854	1379	969	1123	791	1446	337	342	139	151	407	375	49	67	0
*	*	5p	-	40	1972029	1261952	1355830	1902529	6492340	61993	2383	2040	2323	746	827	806	1342	795	1079	744	1359	308	377	124	144	344	380	70	70	0
*	*	5p	-	41	1882640	1200808	1289932	1831493	6204873	60399	2357	1854	2202	645	725	758	1274	734	1127	698	1191	303	355	121	133	370	342	62	82	0
*	*	5p	-	42	1794919	1138970	1240603	1745517	5920009	59856	2150	1742	2175	654	740	659	1260	692	1053	643	1180	289	352	117	143	384	389	61	70	0
*	*	5p	-	43	1724340	1075531	1197678	1638521	5636070	58440	2098	1628	2107	625	712	658	1213	730	1023	663	1200	260	316	128	158	361	358	60	67	0
*	*	5p	-	44	1630446	1037473	1134024	1553958	5355901	56527	2000	1524	1979	559	696	631	1189	613	939	628	1142	288	330	118	149	337	361	58	77	0
*	*	5p	-	45	1549646	981626	1076196	1472999	5080467	54714	1870	1514	1810	560	700	632	1074	606	890	587	1055	237	292	100	148	331	351	35	56	0
*	*	5p	-	46	1470276	933512	997293	1407624	4808705	51981	1706	1478	1866	531	612	542	1109	586	852	525	977	236	276	88	136	261	338	47	51	0
*	*	5p	-	47	1384475	873967	938906	1341358	4538706	50415	1645	1350	1729	518	610	538	1024	571	801	503	887	243	256	116	136	265	307	50	60	0
*	*	5p	-	48	1300519	826908	895110	1252298	4274835	48471	1626	1283	1693	462	532	484	984	543	842	506	879	210	265	95	110	268	300	46	49	0
*	*	5p	-	49	1229668	771816	841204	1174724	4017412	46138	1485	1177	1497	400	484	476	902	537	770	486	803	216	256	95	124	280	259	50	50	0
*	*	5p	-	50	1169245	718210	784440	1096269	3768164	43899	1352	1135	1507	420	515	442	873	447	662	447	759	200	244	97	109	248	236	43	55	0
*	*	5p	-	51	1087693	670615	738221	1031165	3527694	41937	1258	1134	1327	425	488	381	812	430	742	416	694	185	239	81	113	257	201	50	37	0
*	*	5p	-	52	1020824	629518	677827	972533	3300702	39442	1289	993	1367	334	472	395	792	436	695	373	655	151	222	71	105	223	229	35	26	0
*	*	5p	-	53	945720	593294	642870	903605	3085489	37565	1163	919	1232	363	414	384	773	393	666	380	651	145	200	66	82	206	181	37	41	0
*	*	5p	-	54	885907	553330	600715	843530	2883482	35790	1061	877	1170	307	414	367	736	370	569	353	606	158	174	64	86	210	193	29	35	0
*	*	5p	-	55	832477	513019	565751	780079	2691326	33303	946	911	1051	363	352	347	664	324	512	349	559	127	148	67	75	226	183	27	37	0
*	*	5p	-	56	776865	480435	516091	736425	2509816	31130	981	791	1062	288	375	344	655	315	548	290	504	138	137	71	98	186	164	25	34	0
*	*	5p	-	57	723874	442595	485519	686504	2338492	29353	839	696	982	294	344	287	543	316	463	254	478	142	150	62	70	180	160	30	32	0
*	*	5p	-	58	669299	417430	451745	638868	2177342	27563	859	627	867	248	303	282	556	289	478	234	422	112	134	62	62	170	141	26	30	0
*	*	5p	-	59	625161	386804	417562	593825	2023352	25266	819	653	856	245	270	270	522	253	429	254	383	116	123	51	65	166	155	25	21	0
*	*	5p	-	60	585938	354889	389227	548858	1878912	23630	695	677	718	245	335	187	483	215	406	243	359	112	108	47	63	140	131	28	25	0
*	*	5p	-	61	543324	325182	361761	514246	1744513	21752	649	566	672	186	241	219	472	241	383	203	329	69	122	44	47	142	140	16	18	0
*	*	5p	-	62	506220	301287	335861	477345	1620713	19980	581	477	660	181	262	152	410	250	351	160	305	101	81	45	53	153	112	21	22	0
*	*	5p	-	63	468704	283429	314441	440862	1507436	18492	528	490	618	180	212	209	426	192	371	203	307	75	114	39	41	134	90	11	28	0
*	*	5p	-	64	437043	262678	293578	409257	1402556	17268	460	429	542	183	211	150	342	152	317	163	311	73	88	32	55	110	90	18	22	0
*	*	5p	-	65	410012	245993	270175	381245	1307425	16020	442	438	504	161	186	161	359	166	270	157	274	93	66	47	38	108	76	13	19	0
*	*	5p	-	66	381068	228237	249852	359361	1218518	14405	388	362	507	172	190	135	322	161	272	113	229	66	67	44	46	100	74	15	17	0
*	*	5p	-	67	354678	213323	232780	335588	1136369	13529	351	361	461	115	182	118	335	158	274	114	236	71	66	32	33	98	69	13	11	0
*	*	5p	-	68	329781	199459	218677	312334	1060251	12495	385	353	391	125	156	126	300	115	222	122	233	58	58	26	29	95	55	14	14	0
*	*	5p	-	69	307467	186744	204490	291432	990133	11416	378	290	358	112	143	105	255	115	226	104	245	48	69	28	26	95	60	5	14	0
*	*	5p	-	70	292455	170552	191348	270483	924838	10569	307	290	372	113	137	113	239	101	198	116	180	43	59	22	24	66	40	5	11	0
