Sample	Library	End	Std	Pos	A	C	G	T	Total	G>A	C>T	A>G	T>C	A>C	A>T	C>G	C>A	T>G	T>A	G>C	G>T	A>-	T>-	C>-	G>-	->A	->T	->C	->G	S
*	*	3p	+	1	1851121	1256729	2065485	2053984	7227319	516454	3183	3809	8419	1521	2400	1590	3051	1971	3729	1163	1859	0	0	0	0	0	0	0	0	10
*	*	3p	+	2	2275908	1512641	1359177	2079550	7227276	291827	3580	2442	6565	1670	2159	943	3146	1364	3342	1391	1901	3	3	4	3	8	3	6	5	10
*	*	3p	+	3	2080114	1356876	1615584	2174742	7227316	303275	3564	2758	5481	1370	2017	1084	3239	1372	2678	1329	1967	5	5	7	8	8	14	10	12	9
*	*	3p	+	4	2131804	1366471	1566837	2162254	7227366	254738	3333	2642	4942	1249	1675	1139	3281	1373	2307	1148	1779	7	7	3	9	17	23	18	13	0
*	*	3p	+	5	2029715	1515877	1474507	2207134	7227233	204530	3144	2387	5194	1332	1581	1067	2596	1206	2087	1314	1794	9	7	6	3	40	45	30	22	0
*	*	3p	+	6	2119693	1458376	1476981	2171907	7226957	184017	2977	2427	4537	1072	1373	1024	2347	1133	1931	1074	1642	11	15	10	15	140	126	82	77	0
*	*	3p	+	7	2142590	1452117	1523029	2109118	7226854	173887	3015	2234	4332	1053	1257	939	2007	1008	1663	971	1545	46	61	34	81	192	148	100	100	0
*	*	3p	+	8	2292594	1345057	1608366	1980713	7226730	166229	2922	2385	3545	855	1029	926	1978	1039	1785	931	1535	79	99	62	88	262	153	113	130	0
*	*	3p	+	9	2312370	1410676	1574841	1928897	7226784	142256	2945	2269	3580	989	887	989	1880	992	1521	1017	1314	79	93	79	113	263	150	87	106	0
*	*	3p	+	10	2142497	1476161	1611652	1996591	7226901	126105	3003	2123	3506	865	889	972	1677	923	1380	971	1385	78	118	110	125	230	157	85	91	0
*	*	3p	+	11	2138099	1451984	1610770	2026152	7227005	112672	2943	2272	3262	849	846	936	1610	914	1235	902	1422	85	91	106	124	211	115	57	79	0
*	*	3p	+	12	2111617	1480827	1600982	2033549	7226975	99912	2974	2231	3180	883	871	812	1425	842	1154	817	1266	98	106	101	121	187	125	56	64	0
*	*	3p	+	13	2090296	1476862	1606101	2053736	7226995	92045	2917	2202	3123	802	874	914	1369	898	1127	1048	1352	104	109	90	133	161	116	49	69	0
*	*	3p	+	14	2074361	1489164	1625951	2037583	7227059	85860	2971	2236	2910	805	858	904	1400	864	1082	932	1343	111	124	98	148	180	115	57	56	0
*	*	3p	+	15	2059621	1479622	1629021	2058773	7227037	79635	3008	2141	2908	776	874	888	1315	910	1106	832	1395	116	129	91	119	193	132	50	55	0
*	*	3p	+	16	2077066	1479058	1613204	2057602	7226930	75362	2958	2283	2865	778	828	919	1305	890	1109	854	1355	127	140	101	129	202	154	56	64	0
*	*	3p	+	17	2080227	1492069	1612842	2041784	7226922	72254	2793	2198	2902	775	901	888	1274	820	1011	849	1316	173	169	80	139	236	184	63	56	0
*	*	3p	+	18	2058131	1514750	1619440	2034516	7226837	68881	2974	2404	2659	809	786	833	1200	836	960	910	1428	163	164	98	113	256	190	57	70	0
*	*	3p	+	19	2053938	1517265	1620341	2035336	7226880	65949	2998	2219	2894	779	785	904	1140	893	950	894	1340	187	184	82	130	268	185	60	72	0
*	*	3p	+	20	2032051	1528060	1620962	2045778	7226851	64065	3301	2155	2700	815	728	870	1262	905	1014	831	1444	165	211	104	123	274	221	59	60	0
*	*	3p	+	21	2056716	1505881	1626328	2037932	7226857	62117	3143	2273	2766	759	847	943	1128	826	975	846	1418	203	207	99	119	247	236	66	61	0
*	*	3p	+	22	2087413	1490028	1600721	2048675	7226837	58919	3157	2324	2609	783	763	804	1112	839	955	761	1442	192	214	106	123	269	237	51	71	0
*	*	3p	+	23	2080295	1488138	1618185	2040171	7226789	57218	3324	2259	2558	767	754	864	1174	855	989	856	1435	178	228	87	124	286	291	49	53	0
*	*	3p	+	24	2065349	1512348	1604596	2044515	7226808	54556	3367	2156	2520	779	769	860	1153	828	808	841	1500	200	268	83	133	266	248	64	80	0
*	*	3p	+	25	2064109	1498377	1598455	2065873	7226814	52328	3506	2134	2615	781	811	868	1109	884	989	847	1461	211	247	96	132	268	284	47	52	0
*	*	3p	+	26	2090679	1486998	1602613	2046451	7226741	49638	3391	2199	2606	772	824	826	1045	799	886	789	1389	231	252	97	113	297	293	67	72	0
*	*	3p	+	27	2096481	1498998	1581275	2049947	7226701	46758	3575	2144	2584	805	792	828	1062	857	925	792	1442	228	250	92	130	302	322	68	73	0
*	*	3p	+	28	2084825	1493376	1604845	2043654	7226700	44739	3646	2252	2336	828	791	829	1023	868	907	897	1461	237	288	93	107	290	355	60	61	0
*	*	3p	+	29	2071265	1504149	1601356	2049918	7226688	42233	3800	2255	2454	766	811	846	1015	868	840	856	1602	236	325	82	122	332	309	63	77	0
*	*	3p	+	30	2046923	1501182	1598237	2080363	7226705	39699	3942	2153	2504	802	739	865	1015	878	1074	883	1450	252	293	90	119	327	311	52	72	0
*	*	3p	+	31	2072182	1490376	1591673	2058891	7213122	37253	4071	2248	2519	841	796	858	976	851	889	910	1475	262	285	85	111	341	320	68	61	0
*	*	3p	+	32	2098958	1463408	1588291	2043319	7193976	34321	4109	2241	2410	807	869	803	973	862	934	774	1445	263	298	94	117	309	373	55	62	0
*	*	3p	+	33	2082234	1459884	1586659	2040355	7169132	32165	4222	2230	2431	787	751	808	1001	827	901	818	1454	242	294	89	119	345	345	67	64	0
*	*	3p	+	34	2085352	1462908	1566606	2022555	7137421	30267	4362	2341	2220	818	786	882	1013	840	796	885	1464	240	276	87	118	309	333	61	70	0
*	*	3p	+	35	2043155	1444723	1544128	2064742	7096748	27983	4510	2170	2363	822	785	828	951	866	902	872	1502	257	274	81	81	331	346	56	73	0
*	*	3p	+	36	2036427	1434251	1531330	2044006	7046014	25731	4725	2360	2324	788	829	824	943	827	851	859	1569	236	271	75	102	314	373	61	74	0
*	*	3p	+	37	2033742	1405698	1507676	2035659	6982775	23961	4787	2276	2343	816	920	816	918	844	873	874	1537	257	271	71	94	314	369	63	68	0
*	*	3p	+	38	2017072	1398622	1482917	2008312	6906923	21916	5130	2196	2217	769	868	811	984	885	834	884	1556	267	298	79	102	357	351	53	59	0
*	*	3p	+	39	1976235	1379635	1480771	1979342	6815983	20810	5267	2198	2148	779	861	770	899	805	806	890	1584	265	254	80	112	340	337	46	53	0
*	*	3p	+	40	1943149	1353740	1436683	1978948	6712520	18874	5187	2038	2299	742	798	795	909	924	879	828	1579	255	255	70	95	328	296	66	62	0
*	*	3p	+	41	1944566	1314383	1416950	1920197	6596096	17858	5271	2163	2135	738	881	740	873	798	824	801	1504	235	255	72	109	305	280	54	68	0
*	*	3p	+	42	1919621	1266605	1385827	1895011	6467064	16338	5523	2065	2217	724	786	728	865	831	869	769	1471	232	236	86	79	347	267	44	52	0
*	*	3p	+	43	1884351	1237323	1358857	1844712	6325243	14967	5583	2049	1967	799	755	783	849	765	804	802	1475	262	221	83	77	297	306	43	60	0
*	*	3p	+	44	1834876	1217337	1311157	1808225	6171595	13776	5817	2019	1927	707	836	795	812	749	836	733	1533	217	209	67	80	292	268	51	62	0
*	*	3p	+	45	1790691	1165533	1263748	1785388	6005360	12683	5800	1894	2017	720	759	743	766	797	895	773	1411	215	208	72	86	282	234	54	64	0
*	*	3p	+	46	1753511	1128188	1217303	1727997	5826999	11672	5625	2069	1798	686	804	725	814	764	830	661	1449	207	205	65	73	278	282	55	60	0
*	*	3p	+	47	1699231	1093385	1170238	1674259	5637113	10533	5702	1897	1723	700	709	619	732	737	789	681	1248	213	204	60	69	264	275	44	43	0
*	*	3p	+	48	1619718	1067605	1124121	1624755	5436199	9886	5881	1799	1757	697	781	652	760	738	818	655	1250	200	183	52	72	273	224	51	51	0
*	*	3p	+	49	1552065	1020379	1096259	1555363	5224066	9335	5868	1686	1620	682	745	635	736	645	683	629	1332	195	191	58	83	253	245	39	38	0
*	*	3p	+	50	1486407	978596	1046156	1493520	5004679	8481	5731	1658	1585	634	678	639	688	645	820	610	1211	170	188	49	68	224	226	38	56	0
*	*	3p	+	51	1435155	915266	1003012	1428782	4782215	7708	5485	1675	1490	596	674	569	634	613	694	530	1151	174	183	55	65	224	218	26	45	0
*	*	3p	+	52	1385867	866619	943533	1364006	4560025	7090	5366	1518	1400	611	679	525	605	578	734	536	1092	165	188	50	53	205	195	34	43	0
*	*	3p	+	53	1311669	828645	905344	1293230	4338888	6517	5251	1423	1411	549	612	525	586	588	629	529	1010	168	145	40	56	181	187	37	35	0
*	*	3p	+	54	1244599	789447	855292	1231009	4120347	5954	5077	1446	1314	541	573	510	564	519	607	514	1007	134	147	29	58	184	171	35	43	0
*	*	3p	+	55	1175578	741116	804139	1184359	3905192	5354	5017	1330	1265	488	567	494	529	551	676	504	934	134	127	31	52	168	173	29	30	0
*	*	3p	+	56	1116800	707042	755842	1113633	3693317	4812	4787	1286	1137	465	562	464	540	520	570	444	903	105	117	36	47	158	145	12	33	0
*	*	3p	+	57	1065653	652466	713681	1051639	3483439	4505	4541	1221	1088	498	513	411	458	475	519	406	816	100	116	30	49	140	157	24	30	0
*	*	3p	+	58	994784	621787	676031	984808	3277410	4214	4450	1127	1049	402	497	378	502	471	507	445	833	92	127	25	37	127	124	19	18	0
*	*	3p	+	59	932372	582681	632781	925592	3073426	3857	4422	1111	1000	406	442	366	435	391	414	428	774	102	110	19	38	119	110	16	26	0
*	*	3p	+	60	863066	549846	590326	873324	2876562	3529	4157	994	919	362	397	355	420	398	469	324	741	79	78	23	29	103	96	10	19	0
*	*	3p	+	61	817286	504406	552313	813891	2687896	3307	3899	949	877	376	402	323	344	383	401	363	658	66	69	21	24	102	97	14	18	0
*	*	3p	+	62	764936	473640	510888	759756	2509220	3032	3607	866	802	302	378	289	383	372	422	284	579	57	76	18	25	90	96	16	17	0
*	*	3p	+	63	712759	438862	483919	704352	2339892	2807	3260	880	763	300	382	269	325	318	387	326	560	67	47	22	22	84	72	12	15	0
*	*	3p	+	64	665721	407309	449534	656468	2179032	2586	3275	762	670	331	342	286	334	320	329	276	569	65	56	14	18	70	65	10	18	0
*	*	3p	+	65	616485	379287	410709	619018	2025499	2342	3025	703	682	259	337	236	310	278	339	217	556	37	56	12	21	76	76	13	8	0
*	*	3p	+	66	576615	353844	378546	571773	1880778	2214	2870	641	573	258	294	266	291	233	299	235	463	52	53	25	16	62	63	4	12	0
*	*	3p	+	67	535098	327488	347489	534268	1744343	1980	2699	640	594	228	287	183	232	233	285	193	454	40	44	9	14	57	58	9	12	0
*	*	3p	+	68	492613	305079	324687	492381	1614760	1816	2482	592	499	214	240	194	264	227	238	206	400	40	40	9	16	47	64	8	5	0
*	*	3p	+	69	452744	283818	301056	454771	1492389	1581	2437	531	467	192	250	194	238	216	265	176	379	34	40	14	3	49	42	6	3	0
*	*	3p	+	70	417412	258398	277879	423135	1376824	1491	2170	486	485	183	196	142	218	209	278	189	355	30	38	9	9	47	47	10	8	0
*	*	3p	-	1	1867070	1254622	2076779	2047056	7245527	518415	3123	3944	8307	1574	2491	1613	3103	2055	3747	1230	1883	0	0	0	0	0	0	0	0	17
*	*	3p	-	2	2296110	1514318	1365904	2069124	7245456	293754	3745	2452	6614	1637	2221	884	3300	1382	3314	1392	1993	7	5	3	5	42	16	15	10	16
*	*	3p	-	3	2094014	1353627	1627430	2170319	7245390	306364	3356	2785	5358	1408	2043	1114	3266	1302	2585	1281	1822	15	15	10	19	73	40	20	31	10
*	*	3p	-	4	2150702	1360253	1578659	2155576	7245190	257923	3386	2683	4876	1227	1741	1153	3312	1320	2293	1219	1723	21	19	10	28	190	158	54	51	1
*	*	3p	-	5	2046471	1513365	1485397	2199568	7244801	206462	3205	2326	5081	1276	1546	1036	2671	1148	2119	1304	1774	67	110	35	60	324	290	103	77	0
*	*	3p	-	6	2138867	1455763	1485551	2164333	7244514	185176	2951	2458	4474	1106	1401	1123	2403	1136	1892	1060	1673	156	117	53	82	493	342	133	121	0
*	*	3p	-	7	2162944	1451540	1531612	2098326	7244422	175255	2987	2281	4208	1057	1372	926	1979	1000	1629	991	1543	225	199	65	120	529	386	136	132	0
*	*	3p	-	8	2309652	1340686	1619028	1975095	7244461	166666	2882	2338	3643	889	1062	962	2049	1022	1693	958	1489	222	213	86	160	530	351	105	151	0
*	*	3p	-	9	2329033	1405507	1589155	1920944	7244639	144593	2903	2317	3595	998	888	988	1900	966	1486	1096	1360	249	255	118	194	441	325	106	117	0
*	*	3p	-	10	2160096	1470998	1622645	1990888	7244627	127253	2885	2210	3565	869	878	918	1703	930	1427	879	1393	255	348	141	188	456	411	89	102	0
*	*	3p	-	11	2156441	1447251	1620791	2020301	7244784	114194	2826	2339	3260	816	924	965	1593	893	1220	921	1386	240	373	110	170	380	346	76	99	0
*	*	3p	-	12	2132845	1480370	1607905	2023622	7244742	100949	2950	2153	3239	810	831	829	1472	871	1106	832	1299	247	346	105	155	370	375	62	83	0
*	*	3p	-	13	2109244	1474147	1615777	2045602	7244770	92685	2875	2349	3074	849	871	862	1389	920	1134	907	1361	282	327	126	153	338	373	66	87	0
*	*	3p	-	14	2091227	1482172	1640236	2031285	7244920	87136	2912	2186	2907	758	852	897	1356	854	1107	963	1338	270	287	115	190	314	305	55	90	0
*	*	3p	-	15	2077468	1475305	1638124	2053980	7244877	80903	2962	2212	2919	744	785	905	1254	866	1150	861	1396	261	342	92	154	325	349	65	62	0
*	*	3p	-	16	2089383	1477597	1624879	2052983	7244842	76040	3030	2230	2862	742	841	860	1305	881	1094	828	1416	263	311	81	144	328	316	68	69	0
*	*	3p	-	17	2098804	1491011	1621906	2033167	7244888	72221	2943	2291	2819	837	825	829	1236	916	1044	808	1326	262	335	99	160	347	319	65	68	0
*	*	3p	-	18	2076060	1511828	1631123	2025827	7244838	70031	3068	2321	2609	870	850	866	1196	837	960	907	1420	282	272	105	133	300	359	65	70	0
*	*	3p	-	19	2070110	1514317	1632432	2028057	7244916	66967	3041	2304	2722	815	789	862	1224	835	989	869	1379	273	325	100	157	349	288	70	60	0
*	*	3p	-	20	2048649	1524211	1631298	2040639	7244797	64312	3092	2222	2806	795	789	933	1166	834	1088	893	1353	272	301	107	161	418	336	59	74	0
*	*	3p	-	21	2071845	1501344	1636302	2035366	7244857	62657	3109	2218	2639	803	807	847	1136	813	1033	813	1364	270	312	93	141	335	356	65	73	0
*	*	3p	-	22	2104984	1490089	1609372	2040386	7244831	60063	3232	2231	2688	800	816	819	1133	863	1013	821	1363	312	322	88	128	385	329	68	69	0
*	*	3p	-	23	2098818	1487113	1625608	2033320	7244859	57896	3274	2263	2573	779	803	892	1120	775	989	876	1554	302	286	93	123	353	347	51	75	0
*	*	3p	-	24	2080779	1510304	1617121	2036672	7244876	55251	3329	2191	2584	800	776	828	1213	850	856	868	1539	283	287	101	116	337	337	63	68	0
*	*	3p	-	25	2078885	1496880	1609860	2059265	7244890	52660	3558	2166	2699	723	807	832	1182	844	1006	902	1524	262	291	96	115	347	304	66	76	0
*	*	3p	-	26	2104082	1486117	1609316	2045361	7244876	50050	3437	2246	2653	800	773	868	1106	866	941	825	1421	255	247	92	130	376	305	69	55	0
*	*	3p	-	27	2112533	1500850	1588941	2042610	7244934	47042	3601	2286	2655	829	846	881	1077	877	858	818	1453	244	252	78	123	382	234	57	78	0
*	*	3p	-	28	2103124	1490457	1615192	2036184	7244957	44935	3641	2178	2442	761	801	867	995	875	856	956	1518	256	234	88	104	351	268	58	51	0
*	*	3p	-	29	2084994	1500339	1616088	2043526	7244947	42938	3706	2262	2409	826	808	854	1012	889	909	845	1600	249	251	78	106	321	267	69	79	0
*	*	3p	-	30	2063463	1496628	1609849	2075058	7244998	39665	3914	2253	2532	730	768	918	1082	830	987	863	1529	243	268	98	123	286	265	61	71	0
*	*	3p	-	31	2089917	1490202	1599180	2052228	7231527	37089	4035	2245	2457	950	805	932	1044	887	916	912	1566	247	250	91	130	296	237	49	66	0
*	*	3p	-	32	2116016	1462683	1596696	2037192	7212587	34627	4112	2319	2470	782	888	815	991	850	925	859	1457	253	193	106	105	290	245	55	48	0
*	*	3p	-	33	2098390	1455831	1598334	2035392	7187947	32366	4291	2258	2275	811	873	878	979	882	924	925	1557	224	194	89	120	286	240	56	71	0
*	*	3p	-	34	2099545	1458358	1579611	2018673	7156187	30012	4465	2273	2305	831	892	915	899	792	900	849	1549	234	199	83	88	267	236	54	52	0
*	*	3p	-	35	2059617	1441556	1553111	2061266	7115550	27804	4742	2196	2523	789	812	881	985	881	945	813	1487	212	220	82	79	252	248	45	63	0
*	*	3p	-	36	2055525	1430895	1540496	2037517	7064433	25988	4867	2360	2290	775	800	861	973	881	842	851	1544	176	190	85	122	256	235	56	49	0
*	*	3p	-	37	2052952	1404150	1515828	2028878	7001808	24129	4896	2314	2355	816	834	788	907	860	913	859	1541	190	198	62	105	272	249	42	62	0
*	*	3p	-	38	2034631	1397310	1491814	2002117	6925872	22358	4959	2257	2194	794	854	927	906	804	841	901	1549	181	193	61	123	232	205	52	66	0
*	*	3p	-	39	1992423	1377059	1492992	1972285	6834759	21191	5178	2272	2153	769	841	803	866	849	829	838	1579	206	158	61	88	202	193	54	50	0
*	*	3p	-	40	1959351	1351296	1448132	1972665	6731444	19484	5345	2111	2225	764	795	878	900	910	909	791	1458	187	198	83	83	215	229	42	46	0
*	*	3p	-	41	1962959	1312035	1425357	1914719	6615070	18129	5525	2310	2070	748	782	759	843	788	873	773	1550	177	182	69	85	187	201	39	57	0
*	*	3p	-	42	1939529	1262786	1392490	1891495	6486300	16630	5598	2195	2128	763	801	712	851	803	854	747	1512	164	180	49	70	208	177	33	60	0
*	*	3p	-	43	1902096	1236964	1367948	1837567	6344575	15458	5460	2147	1970	801	869	718	829	747	849	789	1463	164	139	47	71	205	159	41	56	0
*	*	3p	-	44	1852526	1211860	1325682	1801495	6191563	14142	5768	2029	1890	713	826	758	753	747	821	809	1461	119	139	53	58	173	156	40	45	0
*	*	3p	-	45	1805961	1162327	1273485	1783332	6025105	12738	5921	1951	2031	758	843	723	839	765	914	807	1478	125	125	45	58	173	172	41	45	0
*	*	3p	-	46	1769732	1126852	1229538	1720915	5847037	11845	5827	1984	1785	734	798	712	774	783	787	669	1377	119	125	53	37	131	162	31	49	0
*	*	3p	-	47	1718565	1089505	1179828	1668845	5656743	11076	5719	1888	1858	705	803	683	721	697	797	689	1293	95	104	38	67	130	125	36	43	0
*	*	3p	-	48	1637611	1063858	1136340	1618322	5456131	10099	5940	1910	1665	660	704	670	763	684	738	689	1281	114	93	51	61	123	109	30	34	0
*	*	3p	-	49	1566897	1018349	1106400	1551675	5243321	9359	5819	1757	1624	630	747	631	683	726	717	668	1297	109	94	41	55	112	116	23	27	0
*	*	3p	-	50	1499844	975974	1056152	1491209	5023179	8535	5739	1736	1652	613	700	658	727	668	713	621	1208	84	86	39	48	101	108	24	39	0
*	*	3p	-	51	1449892	915165	1012126	1422696	4799879	7551	5566	1652	1585	640	755	578	671	628	676	623	1156	83	95	43	46	96	111	20	24	0
*	*	3p	-	52	1402517	865174	952344	1357925	4577960	7155	5391	1585	1450	578	661	546	598	607	690	545	1062	88	78	36	45	90	77	22	23	0
*	*	3p	-	53	1327277	826137	913821	1289329	4356564	6684	5015	1579	1343	563	651	538	605	563	601	626	1082	74	76	34	37	84	68	27	21	0
*	*	3p	-	54	1257018	788130	863814	1228927	4137889	6208	5105	1418	1269	534	590	551	547	512	559	485	1045	54	65	27	45	87	85	13	31	0
*	*	3p	-	55	1187681	740648	812504	1182151	3922984	5606	5015	1324	1302	493	611	504	580	524	629	500	974	68	58	22	52	60	71	22	21	0
*	*	3p	-	56	1128619	707609	763305	1111583	3711116	4973	4802	1259	1211	487	568	450	563	512	574	403	883	63	58	24	26	75	69	23	24	0
*	*	3p	-	57	1078109	651637	721931	1048128	3499805	4712	4494	1263	1106	474	554	395	492	473	506	373	823	43	45	22	23	66	59	13	15	0
*	*	3p	-	58	1006654	619983	685374	981526	3293537	4313	4475	1182	1031	460	509	429	459	434	460	411	819	48	45	14	34	57	62	12	13	0
*	*	3p	-	59	946005	580485	642578	921110	3090178	3968	4310	1185	926	418	475	419	424	383	415	380	751	38	39	14	25	61	49	9	13	0
*	*	3p	-	60	874984	549009	597557	871457	2893007	3726	4116	1014	964	402	461	377	419	393	472	325	719	40	33	16	25	42	48	16	9	0
*	*	3p	-	61	829343	506056	559535	808958	2703892	3354	3903	945	862	364	414	345	387	381	387	323	667	34	46	10	20	37	41	8	10	0
*	*	3p	-	62	777458	471736	517280	758282	2524756	3051	3715	872	860	338	410	311	360	308	401	305	578	31	34	12	15	33	32	10	13	0
*	*	3p	-	63	724891	437436	490015	702097	2354439	2902	3425	856	765	332	322	304	308	320	352	303	578	33	37	15	22	22	38	8	13	0
*	*	3p	-	64	675614	408236	453926	656100	2193876	2599	3408	747	698	292	366	298	318	303	316	332	545	28	33	15	20	40	31	10	9	0
*	*	3p	-	65	625621	379034	415687	619752	2040094	2422	3190	711	710	256	370	265	324	313	346	240	558	27	24	11	15	29	26	5	4	0
*	*	3p	-	66	585844	354047	382867	571285	1894043	2215	2988	715	602	243	302	235	274	260	280	218	456	33	23	9	8	32	27	5	7	0
*	*	3p	-	67	545932	326234	351499	533161	1756826	1989	2729	664	610	235	334	228	292	218	269	162	465	19	26	9	16	18	24	7	6	0
*	*	3p	-	68	498996	305444	330758	491348	1626546	1835	2550	589	516	231	287	212	272	208	260	205	427	21	19	13	6	21	24	5	0	0
*	*	3p	-	69	459311	283581	305458	454852	1503202	1778	2508	523	495	227	271	182	225	199	241	174	382	17	19	9	8	26	18	3	5	0
*	*	3p	-	70	423399	258072	282637	423227	1387335	1570	2159	462	461	181	210	195	212	214	286	179	374	15	13	4	6	16	15	9	6	0
*	*	5p	+	1	2210249	1719351	1396230	1901572	7227402	3226	43412	2652	3749	1845	2137	986	1497	1457	2034	1523	1949	0	0	0	0	0	0	0	0	2
*	*	5p	+	2	2107683	1138293	1713200	2268205	7227381	2818	20538	3574	2359	1376	1907	1218	1411	1553	1725	761	2072	1	1	0	0	16	19	1	7	2
*	*	5p	+	3	2239412	1391509	1509761	2086649	7227331	2870	16091	2736	2519	1090	1467	1053	1341	1309	1682	957	2101	8	8	2	4	49	37	11	14	0
*	*	5p	+	4	2217080	1381504	1493214	2135308	7227106	2685	12691	2679	2484	1091	1232	1020	1185	1054	1331	987	2320	23	29	14	11	128	138	35	49	0
*	*	5p	+	5	2232915	1330646	1620241	2042987	7226789	2583	9077	2831	2099	973	1078	1004	1125	1045	1127	883	2086	112	82	34	31	269	268	62	67	0
*	*	5p	+	6	2206927	1345005	1550846	2124044	7226822	2322	7567	2549	2270	889	1072	923	1025	976	1049	919	1883	120	163	33	38	238	274	52	74	0
*	*	5p	+	7	2150858	1392044	1554056	2129864	7226822	2293	6239	2432	2114	897	904	847	961	956	1054	795	1599	166	190	34	56	243	293	45	60	0
*	*	5p	+	8	2027399	1466909	1447411	2285132	7226851	2163	6422	2237	2245	895	1031	873	878	871	938	945	1824	153	203	44	49	239	250	56	67	0
*	*	5p	+	9	1970878	1443740	1511592	2300670	7226880	2152	6085	2323	2277	923	935	896	809	858	821	1012	1767	189	197	62	74	212	264	54	52	0
*	*	5p	+	10	2026769	1492681	1572215	2135117	7226782	2099	5201	2418	2197	858	873	832	804	891	793	944	1695	223	194	62	82	290	262	59	73	0
*	*	5p	+	11	2063015	1495313	1538761	2129649	7226738	2068	4858	2389	2178	881	907	816	835	907	835	852	1539	256	217	63	54	315	266	65	69	0
*	*	5p	+	12	2060942	1501124	1567067	2097693	7226826	2081	4670	2512	2197	843	865	925	780	1051	858	821	1519	230	246	80	81	276	251	46	67	0
*	*	5p	+	13	2077565	1502662	1565348	2081216	7226791	2179	4574	2411	2279	926	807	883	842	866	828	879	1581	259	233	69	75	303	248	52	74	0
*	*	5p	+	14	2063012	1521339	1572527	2069945	7226823	2180	4406	2245	2245	862	762	909	851	846	797	913	1721	204	205	66	68	266	248	64	65	0
*	*	5p	+	15	2077442	1525924	1568243	2055082	7226691	2581	4310	2440	2086	839	788	815	831	802	768	930	1642	237	215	78	82	351	292	61	72	0
*	*	5p	+	16	2079495	1517744	1569784	2059632	7226655	3097	4202	2447	2246	841	833	925	886	929	814	927	1621	270	208	60	76	339	315	53	83	0
*	*	5p	+	17	2063303	1514250	1581683	2067476	7226712	4193	4143	2419	2141	841	793	891	808	959	842	909	1660	261	242	79	65	322	296	74	60	0
*	*	5p	+	18	2046987	1512607	1615592	2051575	7226761	5777	4014	2285	2348	747	804	857	850	909	880	932	1616	241	249	68	97	273	317	50	64	0
*	*	5p	+	19	2051808	1512731	1620222	2041943	7226704	8224	4003	2319	2278	779	792	892	846	897	847	832	1646	261	273	59	84	314	322	60	62	0
*	*	5p	+	20	2061991	1513687	1627139	2023847	7226664	11535	3969	2317	2185	779	814	830	879	900	804	952	1632	250	296	85	90	332	325	55	91	0
*	*	5p	+	21	2061863	1517964	1605218	2041662	7226707	15074	4012	2318	2302	807	765	812	918	832	813	855	1583	233	268	74	91	321	334	43	64	0
*	*	5p	+	22	2073755	1493702	1593717	2065459	7226633	18786	3880	2330	2248	739	868	814	877	846	829	830	1542	244	304	69	100	337	356	69	72	0
*	*	5p	+	23	2063907	1503877	1596328	2062508	7226620	22975	3905	2258	2267	780	827	842	885	828	840	845	1561	242	293	80	103	357	365	59	68	0
*	*	5p	+	24	2069323	1492029	1620246	2045002	7226600	27533	3793	2186	2181	781	765	804	1005	811	875	862	1564	253	285	61	130	338	378	69	83	0
*	*	5p	+	25	2087240	1491481	1605847	2042037	7226605	31481	3784	2372	2279	825	863	882	983	800	893	863	1548	258	257	76	103	314	361	56	67	0
*	*	5p	+	26	2081294	1491557	1595067	2058734	7226652	35707	3702	2236	2275	763	793	819	1047	809	903	842	1587	235	268	75	104	323	357	61	74	0
*	*	5p	+	27	2077886	1472944	1608543	2067331	7226704	40185	3622	2279	2448	800	824	737	1042	797	939	803	1542	223	259	83	101	292	350	51	72	0
*	*	5p	+	28	2071313	1493303	1600969	2061118	7226703	44554	3702	2163	2401	773	740	902	1041	820	937	895	1521	222	248	78	113	308	329	60	65	0
*	*	5p	+	29	2075147	1488519	1610901	2052132	7226699	49660	3674	2216	2560	830	797	876	1090	836	962	914	1593	218	272	93	133	295	319	63	79	0
*	*	5p	+	30	2100670	1490997	1611381	2023765	7226813	54356	3446	2271	2439	792	878	838	1087	762	908	912	1597	210	232	81	129	271	283	49	52	0
*	*	5p	+	31	2092143	1478820	1597864	2044385	7213212	58976	3518	2239	2595	801	841	799	1128	843	997	903	1436	226	222	87	116	275	305	68	51	0
*	*	5p	+	32	2074075	1476831	1574798	2068334	7194038	63430	3256	2168	2654	859	855	828	1161	782	1083	847	1480	217	233	92	127	294	311	50	82	0
*	*	5p	+	33	2065194	1474078	1571034	2058961	7169267	67428	3422	2122	2751	727	813	895	1223	809	1022	793	1429	219	244	87	113	291	270	58	64	0
*	*	5p	+	34	2048349	1455290	1575700	2058176	7137515	72003	3421	2066	2735	781	820	835	1347	822	1006	917	1487	220	241	68	149	296	275	54	57	0
*	*	5p	+	35	2086991	1435405	1557028	2017515	7096939	76361	3434	2309	2640	856	871	889	1300	871	967	874	1489	206	242	86	128	272	241	46	57	0
*	*	5p	+	36	2064827	1425767	1544762	2010874	7046230	81234	3189	2105	2694	805	789	819	1304	802	1051	842	1433	173	247	106	121	278	223	41	63	0
*	*	5p	+	37	2055549	1406072	1519171	2002146	6982938	84996	3265	2269	2855	802	890	869	1406	923	1122	798	1351	193	207	82	106	287	236	62	68	0
*	*	5p	+	38	2027313	1375663	1514250	1989890	6907116	89973	3048	1964	2862	803	841	905	1434	912	1073	872	1343	198	198	71	124	288	228	60	47	0
*	*	5p	+	39	1997001	1373811	1492704	1952637	6816153	93803	3094	1945	2825	787	781	810	1373	846	1122	813	1331	180	244	72	120	241	241	48	72	0
*	*	5p	+	40	1986250	1334515	1472301	1919610	6712676	98079	2921	2067	2841	825	871	804	1333	784	1073	839	1294	185	202	99	126	250	243	49	54	0
*	*	5p	+	41	1938443	1313321	1427353	1916874	6595991	100060	2998	1988	2991	833	865	756	1442	776	1141	797	1298	169	165	76	121	256	211	49	55	0
*	*	5p	+	42	1908208	1287635	1378027	1893366	6467236	101849	2824	2026	2981	766	881	717	1399	850	1194	748	1289	168	185	81	108	247	184	52	44	0
*	*	5p	+	43	1854795	1258975	1354133	1857515	6325418	105236	2847	1977	2923	769	808	786	1444	862	1207	726	1304	135	186	96	112	217	186	59	61	0
*	*	5p	+	44	1817644	1216602	1330106	1807157	6171509	107642	2703	1976	2879	730	819	803	1458	848	1183	810	1214	138	167	59	102	218	192	61	44	0
*	*	5p	+	45	1794691	1172791	1277243	1760758	6005483	107938	2590	1938	2841	712	885	764	1331	840	1189	743	1271	139	146	80	97	217	184	42	55	0
*	*	5p	+	46	1735939	1131973	1236970	1722336	5827218	108861	2584	1760	2945	750	789	671	1343	799	1174	744	1161	123	159	61	84	211	145	46	47	0
*	*	5p	+	47	1679453	1087798	1201639	1668419	5637309	110126	2485	1640	2763	678	838	700	1392	705	1131	643	1108	104	133	70	81	192	156	36	42	0
*	*	5p	+	48	1630043	1040221	1173859	1592244	5436367	111033	2406	1540	2757	667	735	652	1293	769	1129	718	1065	118	121	56	113	173	155	41	55	0
*	*	5p	+	49	1563051	1010981	1125813	1524410	5224255	109870	2258	1600	2755	641	766	686	1272	638	1072	640	1063	121	119	57	97	183	132	33	28	0
*	*	5p	+	50	1499726	965749	1080248	1459117	5004840	108469	2163	1641	2623	606	751	627	1212	624	1034	610	1032	103	129	53	82	165	144	39	30	0
*	*	5p	+	51	1435707	927037	1014210	1405445	4782399	105721	1988	1499	2554	626	638	559	1208	640	995	643	1027	102	123	53	97	152	100	32	32	0
*	*	5p	+	52	1370102	874622	961618	1353635	4559977	103207	1914	1399	2463	600	749	584	1118	660	992	576	883	94	115	60	72	132	119	40	36	0
*	*	5p	+	53	1300265	836273	920828	1281668	4339034	100556	1807	1359	2375	523	611	604	1172	584	955	599	886	77	103	53	59	133	93	26	33	0
*	*	5p	+	54	1239082	785180	876020	1220221	4120503	98049	1772	1191	2307	516	619	493	1075	564	918	558	843	84	103	52	57	123	92	29	34	0
*	*	5p	+	55	1188786	740887	827059	1148609	3905341	94427	1619	1245	2152	544	631	484	1032	540	887	516	806	79	78	64	59	113	76	33	25	0
*	*	5p	+	56	1122489	696911	785482	1088513	3693395	91021	1431	1184	2158	451	603	419	966	417	870	447	742	83	76	42	50	125	89	31	21	0
*	*	5p	+	57	1058429	660858	729237	1035026	3483550	86877	1483	1071	2041	491	572	419	900	521	849	421	677	60	85	46	41	99	90	26	20	0
*	*	5p	+	58	988980	622838	695086	970570	3277474	84283	1368	1071	1952	407	545	417	916	489	787	438	637	72	59	48	52	99	67	27	26	0
*	*	5p	+	59	929841	582420	652233	908979	3073473	80148	1270	937	1918	402	472	401	887	437	728	408	622	55	60	45	43	98	69	22	32	0
*	*	5p	+	60	875697	544774	614550	841546	2876567	76543	1154	970	1677	412	480	393	830	426	721	399	555	53	68	42	46	110	53	23	29	0
*	*	5p	+	61	816823	509066	565109	796908	2687906	72083	1115	942	1680	367	513	335	770	426	716	324	546	57	44	32	47	91	74	23	29	0
*	*	5p	+	62	763952	471498	529743	744056	2509249	67828	980	851	1591	325	421	358	695	404	708	336	451	44	56	23	42	83	57	17	26	0
*	*	5p	+	63	707647	443889	493571	694830	2339937	64873	1034	755	1510	318	434	324	723	334	610	340	504	46	48	34	35	62	30	29	23	0
*	*	5p	+	64	660226	411580	459502	647744	2179052	60388	864	744	1468	315	423	324	634	350	576	319	499	26	46	29	32	47	49	20	24	0
*	*	5p	+	65	622005	377908	426813	598802	2025528	56731	814	675	1301	287	409	286	645	282	541	323	439	37	43	26	28	56	37	19	22	0
*	*	5p	+	66	576160	347414	397108	560081	1880763	52936	731	695	1260	296	354	229	555	288	506	265	441	39	49	17	28	66	45	20	18	0
*	*	5p	+	67	537165	320751	367331	519117	1744364	49545	688	633	1199	272	381	241	526	262	492	211	384	43	38	14	25	52	37	11	12	0
*	*	5p	+	68	494500	299348	345018	475879	1614745	46358	682	597	1090	269	367	234	485	273	459	216	347	29	41	18	26	64	36	20	16	0
*	*	5p	+	69	458399	275668	319260	439037	1492364	42855	646	567	1041	216	295	185	484	293	449	232	310	24	26	19	27	58	37	14	16	0
*	*	5p	+	70	423690	256672	290331	406152	1376845	39251	569	537	885	213	292	221	449	249	425	229	291	27	24	14	15	40	28	13	12	0
*	*	5p	-	1	2227857	1717638	1405496	1894626	7245617	3123	42995	2810	3746	1865	2115	962	1496	1337	1876	1599	1929	0	0	0	0	0	0	0	0	0
*	*	5p	-	2	2128947	1136479	1720627	2259591	7245644	2969	20700	3566	2232	1241	1968	1263	1549	1572	1751	784	2026	0	0	0	0	0	0	0	0	0
*	*	5p	-	3	2256105	1390136	1520955	2078456	7245652	2931	16208	2824	2413	1148	1433	1063	1329	1228	1530	1059	2163	0	1	0	0	0	2	2	0	0
*	*	5p	-	4	2236605	1374554	1507502	2126973	7245634	2696	12528	2728	2498	1139	1230	953	1180	1031	1352	936	2164	0	2	1	2	10	11	1	8	0
*	*	5p	-	5	2252655	1325430	1632714	2034710	7245509	2558	9286	2851	2133	969	1163	1020	1112	1129	1136	824	2057	11	15	16	29	49	48	26	40	0
*	*	5p	-	6	2223463	1342911	1561356	2117752	7245482	2425	7855	2593	2207	959	1105	922	962	912	1070	959	1866	20	13	33	20	59	53	32	48	0
*	*	5p	-	7	2167625	1389378	1564599	2123877	7245479	2338	6540	2529	2174	845	981	934	934	968	1011	766	1632	30	33	29	31	48	58	48	48	0
*	*	5p	-	8	2043821	1466737	1459386	2275541	7245485	2220	6628	2237	2218	869	993	847	904	888	852	889	1813	51	36	36	36	64	53	42	40	0
*	*	5p	-	9	1987049	1440546	1523350	2294525	7245470	2196	6105	2314	2358	970	925	958	822	894	858	1004	1769	49	37	43	45	52	79	41	41	0
*	*	5p	-	10	2046522	1489530	1582855	2126581	7245488	2232	5328	2459	2084	875	947	941	840	851	756	938	1641	62	63	45	42	64	66	34	32	0
*	*	5p	-	11	2081387	1494329	1547585	2122111	7245412	2071	4955	2548	2305	887	941	879	804	891	850	927	1576	59	82	40	42	89	77	45	57	0
*	*	5p	-	12	2080423	1498650	1576541	2089800	7245414	2137	4601	2539	2336	880	858	988	813	976	813	875	1662	69	85	46	58	93	82	42	53	0
*	*	5p	-	13	2093122	1501243	1574695	2076340	7245400	2196	4534	2421	2316	829	872	946	845	887	831	912	1659	77	101	63	65	85	117	38	42	0
*	*	5p	-	14	2081907	1517309	1583686	2062437	7245339	2318	4435	2354	2224	822	849	902	835	881	809	915	1571	94	87	65	60	107	129	54	56	0
*	*	5p	-	15	2094537	1523581	1581097	2046099	7245314	2622	4395	2391	2181	842	854	855	778	850	830	923	1666	115	135	61	69	137	129	50	51	0
*	*	5p	-	16	2097024	1514641	1578902	2054688	7245255	3140	4258	2606	2228	901	875	958	870	954	856	877	1669	121	136	46	62	134	150	62	59	0
*	*	5p	-	17	2080059	1511596	1593827	2059775	7245257	4129	4212	2409	2211	818	797	968	792	926	875	843	1653	133	144	68	50	159	176	44	45	0
*	*	5p	-	18	2064115	1509510	1627051	2044494	7245170	5930	4121	2330	2217	743	821	917	843	819	805	941	1668	128	159	47	71	199	198	53	62	0
*	*	5p	-	19	2071745	1508822	1630196	2034411	7245174	8607	4163	2349	2285	788	788	927	859	886	804	869	1644	145	155	74	62	197	196	59	47	0
*	*	5p	-	20	2078893	1511837	1636781	2017616	7245127	11806	3877	2441	2140	849	874	896	838	864	760	971	1569	159	154	58	90	218	224	54	63	0
*	*	5p	-	21	2078090	1512618	1617072	2037325	7245105	14975	3977	2316	2247	804	827	870	898	820	857	851	1579	161	195	55	93	241	211	57	70	0
*	*	5p	-	22	2091920	1494258	1600193	2058754	7245125	18988	4003	2356	2251	815	818	808	865	785	810	892	1553	174	159	59	77	228	209	57	60	0
*	*	5p	-	23	2080672	1500818	1605927	2057682	7245099	23441	3886	2274	2273	765	812	829	963	820	813	877	1606	190	183	66	65	258	214	48	65	0
*	*	5p	-	24	2083517	1490865	1630967	2039740	7245089	27621	3818	2247	2236	746	771	845	977	812	907	849	1651	200	173	69	90	246	222	54	71	0
*	*	5p	-	25	2106331	1488781	1614452	2035436	7245000	31781	3789	2335	2278	798	785	885	987	833	867	849	1564	204	175	68	94	272	244	50	58	0
*	*	5p	-	26	2097964	1488938	1603073	2055082	7245057	35928	3744	2312	2349	833	860	783	981	757	939	856	1544	225	211	67	83	263	254	55	54	0
*	*	5p	-	27	2095653	1471879	1615134	2062376	7245042	40606	3652	2245	2439	866	852	824	963	887	912	856	1587	220	207	67	107	294	244	43	60	0
*	*	5p	-	28	2088085	1488651	1613447	2054788	7244971	44781	3705	2164	2346	787	830	906	1080	900	917	934	1529	252	204	62	105	324	262	51	71	0
*	*	5p	-	29	2091235	1485690	1624114	2043935	7244974	49798	3747	2180	2492	755	827	932	1049	897	888	872	1617	260	232	75	102	319	254	64	63	0
*	*	5p	-	30	2116905	1487698	1620860	2019534	7244997	55091	3499	2294	2443	846	885	830	1135	802	921	876	1524	236	230	84	114	294	275	52	65	0
*	*	5p	-	31	2104034	1479303	1609216	2038908	7231461	59821	3521	2211	2596	781	818	802	1190	805	1042	833	1474	282	222	80	132	300	286	67	62	0
*	*	5p	-	32	2089720	1474797	1584560	2063413	7212490	63464	3429	2252	2587	860	863	809	1194	837	1000	887	1491	275	241	79	118	331	287	46	71	0
*	*	5p	-	33	2080786	1473544	1581548	2051992	7187870	67367	3512	2148	2662	769	756	831	1256	805	1020	768	1539	284	213	66	115	312	298	45	75	0
*	*	5p	-	34	2064467	1452694	1587333	2051519	7156013	72303	3472	2088	2788	775	821	826	1311	916	1058	865	1430	244	264	98	123	353	300	57	70	0
*	*	5p	-	35	2103401	1431011	1567200	2013753	7115365	77254	3343	2253	2639	820	790	930	1271	900	1024	853	1451	249	267	88	132	380	287	52	74	0
*	*	5p	-	36	2082383	1422415	1555980	2003443	7064221	81186	3172	2162	2769	812	862	735	1287	844	1112	887	1425	244	256	90	116	391	290	53	74	0
*	*	5p	-	37	2075013	1400441	1530311	1995880	7001645	85262	3198	2222	2839	822	859	873	1337	898	1134	789	1389	271	269	81	125	355	308	49	76	0
*	*	5p	-	38	2044249	1374926	1524214	1982257	6925646	90260	3235	2057	2939	765	856	832	1395	801	1136	844	1443	280	280	83	132	329	336	58	57	0
*	*	5p	-	39	2015324	1370863	1501889	1946358	6834434	93881	3081	2065	2877	791	861	801	1425	837	1168	829	1423	253	272	92	156	355	326	64	77	0
*	*	5p	-	40	2001331	1333247	1485110	1911469	6731157	98445	2970	2093	2795	813	880	831	1395	760	1084	829	1370	251	266	91	127	360	327	53	74	0
*	*	5p	-	41	1956517	1314323	1435309	1908418	6614567	100581	3042	2003	2948	767	913	798	1423	790	1188	738	1361	246	297	100	141	347	322	67	70	0
*	*	5p	-	42	1922916	1287970	1386793	1888264	6485943	102060	2778	2026	3109	783	946	762	1442	763	1186	753	1250	257	249	95	137	365	333	64	69	0
*	*	5p	-	43	1871751	1256368	1363272	1852844	6344235	105470	2926	1877	2941	772	842	766	1439	787	1188	786	1265	235	272	95	98	358	323	56	56	0
*	*	5p	-	44	1836787	1210984	1341679	1801556	6191006	108454	2735	1971	2971	774	842	788	1424	870	1209	815	1256	228	290	60	132	308	316	68	61	0
*	*	5p	-	45	1808180	1172427	1287216	1757003	6024826	108913	2644	1866	2816	772	914	760	1420	754	1092	754	1186	238	272	74	154	277	296	59	64	0
*	*	5p	-	46	1753738	1129850	1244954	1718187	5846729	109647	2506	1798	2868	720	827	673	1433	713	1161	744	1201	229	233	84	106	255	305	53	59	0
*	*	5p	-	47	1696199	1086810	1210555	1662893	5656457	110462	2414	1752	2776	705	839	685	1357	709	1122	667	1087	221	238	73	112	261	266	41	44	0
*	*	5p	-	48	1645403	1037679	1185499	1587174	5455755	112000	2320	1685	2793	682	798	705	1355	727	1157	720	1108	223	220	66	127	292	258	58	58	0
*	*	5p	-	49	1579438	1008067	1136036	1519426	5242967	111017	2206	1626	2594	632	660	714	1320	686	1033	691	1011	171	228	71	117	279	256	43	49	0
*	*	5p	-	50	1515223	963055	1090582	1453988	5022848	109444	2167	1551	2601	628	774	616	1274	650	1113	651	925	200	201	85	108	253	250	32	57	0
*	*	5p	-	51	1451470	925486	1020130	1402450	4799536	106088	2052	1515	2598	649	736	550	1242	650	1045	597	907	181	201	78	106	273	223	46	44	0
*	*	5p	-	52	1384826	873746	968646	1350263	4577481	103749	1934	1437	2548	564	755	592	1166	625	983	544	894	152	219	53	101	229	203	34	46	0
*	*	5p	-	53	1311329	832689	932189	1280057	4356264	101465	1837	1423	2424	565	600	565	1111	580	969	579	902	165	170	53	90	234	179	24	49	0
*	*	5p	-	54	1250669	784615	886348	1215937	4137569	99196	1728	1360	2235	541	642	470	1070	566	904	577	836	141	164	53	74	243	206	34	41	0
*	*	5p	-	55	1203994	739936	833214	1145501	3922645	94611	1628	1295	2180	548	648	516	1066	539	878	517	823	109	153	63	95	212	190	53	52	0
*	*	5p	-	56	1135865	694564	792399	1088007	3710835	92076	1423	1159	2079	482	659	473	970	545	838	456	715	133	172	54	81	206	188	33	38	0
*	*	5p	-	57	1072898	657652	736777	1032173	3499500	87437	1412	1096	2083	445	569	439	947	515	810	421	652	132	156	59	78	198	185	37	34	0
*	*	5p	-	58	1001401	621239	704402	966220	3293262	84862	1360	1040	1929	456	561	435	896	459	779	419	708	111	132	59	82	179	157	34	41	0
*	*	5p	-	59	941239	581427	659039	908194	3089899	81438	1281	1025	1821	383	501	441	934	409	692	403	628	118	134	43	83	162	157	44	43	0
*	*	5p	-	60	887361	542767	623101	839481	2892710	77933	1172	954	1696	394	458	369	829	436	689	409	625	119	129	45	59	182	145	26	42	0
*	*	5p	-	61	829811	508166	570601	795060	2703638	72404	1124	931	1677	362	467	379	760	411	687	353	506	101	102	37	67	140	137	33	30	0
*	*	5p	-	62	777149	471185	536019	740166	2524519	69129	1017	835	1598	345	464	328	715	380	667	368	531	82	121	34	55	129	126	27	37	0
*	*	5p	-	63	718713	442780	500090	692654	2354237	65475	992	846	1459	302	492	347	689	372	645	325	540	84	105	50	56	140	100	24	21	0
*	*	5p	-	64	669898	411091	465582	647105	2193676	62122	910	749	1395	312	412	302	664	326	622	336	492	73	111	41	40	131	109	26	21	0
*	*	5p	-	65	630262	378090	434483	597043	2039878	58091	852	718	1309	298	434	289	631	329	530	308	429	62	76	23	47	117	107	22	31	0
*	*	5p	-	66	585187	346883	402586	559177	1893833	53858	751	674	1225	274	365	236	594	294	551	289	428	66	79	34	42	140	85	29	25	0
*	*	5p	-	67	544389	320759	372884	518591	1756623	50289	672	631	1195	259	376	219	558	305	516	233	399	52	75	9	31	131	73	30	25	0
*	*	5p	-	68	502449	298020	349210	476673	1626352	47089	658	601	1061	252	327	213	459	246	425	225	356	51	56	28	35	116	81	23	24	0
*	*	5p	-	69	463963	275944	324893	438273	1503073	43927	578	551	1024	226	295	207	461	286	426	242	355	50	58	11	28	86	65	11	19	0
*	*	5p	-	70	431764	255903	295955	403586	1387208	40469	573	528	944	225	314	209	440	232	400	207	294	48	50	17	24	83	56	12	18	0
