Sample	Library	End	Std	Pos	A	C	G	T	Total	G>A	C>T	A>G	T>C	A>C	A>T	C>G	C>A	T>G	T>A	G>C	G>T	A>-	T>-	C>-	G>-	->A	->T	->C	->G	S
*	*	3p	+	1	12516844	5555100	10779439	13796366	42647749	116314	20408	15100	37684	5569	12905	7439	12069	11441	14732	3441	9976	0	0	0	0	0	0	0	0	35
*	*	3p	+	2	13903664	9824081	7036725	11981973	42746443	71938	16490	9920	29820	8650	10504	4151	13703	7538	12893	5744	7762	18	12	14	13	14	10	15	10	33
*	*	3p	+	3	12322002	9259534	8537675	12622760	42741971	44004	15647	10457	24592	7390	10073	4768	14228	6158	9187	4725	7925	27	29	16	21	35	30	26	24	25
*	*	3p	+	4	12317746	9107351	8515306	12784250	42724653	36416	14505	9592	20927	6481	7984	4696	14993	5872	8277	4946	7557	27	26	18	27	57	69	53	66	1
*	*	3p	+	5	12006599	9489330	8257221	12990377	42743527	27489	13819	8353	20579	6271	7329	4123	10839	5234	7920	4926	8023	31	33	16	26	160	159	102	136	0
*	*	3p	+	6	12639869	9121104	8851798	12689592	43302363	32111	12838	13067	17997	5530	6479	5137	9367	6076	7685	4894	9538	54	93	57	65	656	525	441	489	0
*	*	3p	+	7	12590723	9213232	8895694	12602190	43301839	25237	13171	12266	17333	5337	6001	4597	7075	5325	6748	4442	8897	285	309	328	290	882	740	544	518	0
*	*	3p	+	8	13491059	8518290	9397047	11895076	43301472	25741	12398	12724	14353	4630	5015	4807	6815	5174	6055	4273	8874	315	422	393	374	1072	797	543	648	0
*	*	3p	+	9	13339612	8968064	9255131	11738776	43301583	24167	11249	11973	14299	5012	4323	4884	6416	4860	5342	5072	8195	424	510	467	405	1026	798	525	580	0
*	*	3p	+	10	12477313	9264273	9410992	12149563	43302141	21024	11495	11180	14303	4129	3906	4680	5884	4933	5329	4908	8244	455	548	541	408	954	745	437	534	0
*	*	3p	+	11	12404086	9345885	9181885	12370679	43302535	18970	10953	11816	13746	4068	4240	4347	5276	4810	5414	4190	7857	503	598	552	420	828	655	374	409	0
*	*	3p	+	12	12267004	9320938	9342732	12371805	43302479	17756	10795	11847	13350	4298	4197	4338	5249	4811	4895	4289	7900	534	674	519	411	735	633	303	383	0
*	*	3p	+	13	12376839	9280391	9280153	12365058	43302441	17607	10557	11645	13014	4175	4334	4229	5138	4442	4313	4344	7801	604	674	541	444	761	702	324	360	0
*	*	3p	+	14	12282803	9374634	9457418	12187721	43302576	17052	10816	11416	12368	4126	3929	4461	5126	4604	4261	4359	8538	676	734	617	409	816	748	323	347	0
*	*	3p	+	15	12127136	9294670	9531909	12348723	43302438	17086	11048	11028	12541	3957	3658	4445	5074	4881	4527	4433	8317	739	746	540	465	898	840	303	334	0
*	*	3p	+	16	12184020	9351186	9410653	12356134	43301993	16434	10998	11590	12827	4010	3970	4240	4755	4736	4648	4184	8052	831	841	569	488	975	929	315	362	0
*	*	3p	+	17	12259648	9396781	9341301	12304115	43301845	16105	11078	11585	12659	4101	4167	4040	4705	4520	4660	3790	7779	881	947	522	440	1153	1133	320	366	0
*	*	3p	+	18	12242129	9458890	9486519	12113786	43301324	16340	11654	11462	11884	4147	4138	4459	5003	4258	4044	4228	8321	969	1045	584	449	1236	1275	393	368	0
*	*	3p	+	19	12111475	9560758	9424633	12204463	43301329	16303	12160	11106	12034	4156	3791	4221	4962	4391	4163	4355	8538	1046	1052	601	459	1350	1376	385	366	0
*	*	3p	+	20	12001153	9607969	9455289	12236773	43301184	16474	12670	10877	11892	3923	3464	4435	4925	4505	4129	4496	8758	1112	1222	602	510	1406	1483	367	368	0
*	*	3p	+	21	12116471	9534748	9359687	12290000	43300906	15886	13114	10999	12167	4060	3907	4198	4740	4440	4397	3916	8549	1127	1315	563	484	1507	1637	391	373	0
*	*	3p	+	22	12251943	9414860	9269577	12364371	43300751	15077	13757	11251	12277	4106	4146	4184	4705	4436	4528	3907	8649	1232	1417	557	436	1588	1710	373	381	0
*	*	3p	+	23	12390515	9409847	9323804	12176447	43300613	15457	14025	11452	11512	4227	3999	4160	4741	4113	3885	4032	8780	1223	1411	537	512	1600	1862	352	379	0
*	*	3p	+	24	12209233	9494290	9437177	12159713	43300413	15272	14784	10977	11105	4093	3782	4410	4897	4248	3716	4308	9128	1278	1481	586	432	1680	1984	350	376	0
*	*	3p	+	25	12202274	9298524	9467641	12331878	43300317	15623	15113	10830	11510	3818	3527	4216	4726	4455	4249	4307	9321	1361	1496	531	479	1688	2010	383	405	0
*	*	3p	+	26	12305497	9289592	9373110	12328875	43297074	14672	15684	11120	11713	4174	3928	4129	4563	4247	4507	4015	9245	1323	1582	521	523	1759	2099	378	395	0
*	*	3p	+	27	12333826	9337130	9262114	12359625	43292695	13795	16063	11117	11634	4252	3861	4097	4529	4298	4512	3783	8855	1410	1560	507	461	1829	2131	394	420	0
*	*	3p	+	28	12337750	9316621	9312811	12321046	43288228	14216	16269	11271	11044	4471	4088	4367	4670	4066	3934	4210	9131	1397	1657	568	527	1897	2181	419	415	0
*	*	3p	+	29	12245935	9299856	9352237	12383653	43281681	13938	16783	11013	11228	4291	3827	4177	4589	4273	4015	4342	9423	1552	1737	558	458	1950	2148	417	393	0
*	*	3p	+	30	12164170	9337833	9399184	12373267	43274454	13748	18028	10643	11262	4098	3677	4432	4630	4288	4207	4176	9576	1564	1729	564	500	2110	2183	369	445	0
*	*	3p	+	31	12285929	9186870	9264508	12340820	43078127	13043	18333	11116	11337	4558	3956	4091	4375	4436	4576	4164	9302	1539	1755	557	530	2084	2160	426	390	0
*	*	3p	+	32	12246428	9071736	9214419	12289655	42822238	12487	18687	11191	11052	4274	4153	3951	4477	4338	4464	3750	9420	1675	1737	566	528	2040	2112	392	429	0
*	*	3p	+	33	12245361	9000490	9096576	12155893	42498320	12758	19225	11520	10418	4584	4209	4016	4541	4053	3972	4120	9317	1695	1795	568	524	2028	2151	360	391	0
*	*	3p	+	34	12109949	8921552	9001166	12059424	42092091	12863	20006	10861	10535	4496	4066	4060	4345	4069	3763	4424	9718	1712	1816	552	554	2039	2092	379	394	0
*	*	3p	+	35	11778433	8789661	8850746	12168835	41587675	12537	20263	10659	10633	4184	3746	4060	4476	4282	4322	4191	9642	1687	1771	492	527	2127	2257	406	365	0
*	*	3p	+	36	11685388	8637301	8665318	11989108	40977115	11977	20309	10969	10541	4244	4076	3921	4313	4240	4415	3783	9240	1664	1650	531	522	2028	2114	398	378	0
*	*	3p	+	37	11615968	8426259	8350832	11856979	40250038	11369	20848	10794	10472	4573	4161	3738	4245	4205	4458	3661	8854	1639	1695	479	486	2158	2128	362	409	0
*	*	3p	+	38	11475176	8216264	8149408	11566080	39406928	11425	21029	10736	9764	4339	4379	3927	4322	3936	3875	3765	9032	1556	1630	484	458	2132	2108	370	337	0
*	*	3p	+	39	11110091	7992515	8091442	11252377	38446425	11272	21218	10321	9464	4239	4208	3699	4185	4000	3953	4075	9102	1577	1543	465	427	1996	2037	327	349	0
*	*	3p	+	40	10770947	7806272	7814304	10992973	37384496	11035	21808	10038	9422	4027	3842	3722	4218	4178	4177	4023	9248	1524	1441	429	429	1997	1972	332	349	0
*	*	3p	+	41	10580360	7401946	7491234	10759811	36233351	10710	20988	10056	9734	4308	4253	3583	4081	4280	4642	3445	8597	1476	1532	462	391	1943	1831	357	319	0
*	*	3p	+	42	10282752	7123439	7177140	10415439	34998770	10091	20822	9697	9103	4212	4214	3164	3986	3927	4585	3221	8271	1427	1388	370	419	1873	1798	349	320	0
*	*	3p	+	43	10021844	6869079	6855462	9938814	33685199	10112	20446	9772	8667	4160	4295	3328	3815	3528	3935	3323	8145	1300	1313	358	367	1706	1755	315	303	0
*	*	3p	+	44	9522039	6599996	6612346	9562289	32296670	10007	20851	8884	8362	3945	4057	3227	3976	3787	3879	3443	8229	1271	1241	374	359	1632	1610	270	300	0
*	*	3p	+	45	9064190	6245532	6295017	9252798	30857537	9608	20487	8484	8223	3759	3699	3271	3775	3676	4193	3443	7989	1149	1185	309	351	1591	1582	247	283	0
*	*	3p	+	46	8698898	5906672	5900837	8874211	29380618	9044	19523	8324	8008	3562	3896	3054	3478	3579	4109	2885	7468	1122	1044	306	288	1562	1473	266	288	0
*	*	3p	+	47	8314479	5624382	5539513	8386908	27865282	8486	18736	8230	7471	3622	3840	2810	3370	3372	4170	2670	6947	1011	1025	260	270	1429	1454	234	248	0
*	*	3p	+	48	7856656	5346482	5236648	7880240	26320026	8088	18474	7941	6809	3470	3781	2722	3523	3026	3514	2736	6721	965	913	275	280	1336	1313	259	221	0
*	*	3p	+	49	7301804	5012024	5023982	7425101	24762911	8103	17834	7220	6440	3206	3482	2629	3235	3025	3497	2641	6714	810	867	247	259	1230	1193	197	211	0
*	*	3p	+	50	6812093	4687271	4713647	7006253	23219264	7588	17684	6740	6257	2950	3153	2530	3174	2872	3487	2734	6305	819	791	211	268	1214	1104	218	221	0
*	*	3p	+	51	6446274	4334968	4317561	6612646	21711449	7046	16301	6634	6106	2871	3338	2281	2899	2879	3361	2210	5971	744	717	212	225	984	1020	147	183	0
*	*	3p	+	52	6049019	4088003	3978062	6130623	20245707	6315	15591	6211	5615	2801	3117	2072	2820	2432	3108	2044	5131	617	688	183	179	933	953	165	154	0
*	*	3p	+	53	5649091	3786663	3717060	5675764	18828578	6026	14680	6034	5166	2822	2970	2183	2584	2325	2895	1985	5087	582	577	174	183	873	901	160	146	0
*	*	3p	+	54	5228229	3500176	3460417	5283386	17472208	5821	14064	5714	4878	2398	2665	1906	2336	2242	2638	2110	4864	535	590	150	159	757	763	141	116	0
*	*	3p	+	55	4790681	3246619	3192126	4946479	16175905	5445	13202	5111	4771	2210	2381	1927	2323	2182	2754	1867	4609	433	507	153	144	676	735	116	113	0
*	*	3p	+	56	4457197	2983658	2942302	4553754	14936911	5011	12377	4872	4324	2124	2404	1659	2086	1992	2568	1616	4285	409	450	136	125	585	616	108	99	0
*	*	3p	+	57	4132042	2723773	2675962	4230748	13762525	4529	11544	4479	3998	2018	2447	1450	2005	1717	2400	1400	3730	376	400	101	104	524	562	91	94	0
*	*	3p	+	58	3809287	2519572	2478806	3841950	12649615	4379	10900	4289	3526	1897	2300	1477	1873	1597	2095	1497	3635	313	322	98	89	506	485	61	79	0
*	*	3p	+	59	3462177	2316661	2285416	3537231	11601485	4184	10180	3827	3270	1732	1968	1334	1601	1550	1889	1393	3324	277	323	75	77	410	480	66	68	0
*	*	3p	+	60	3122130	2138002	2100060	3262312	10622504	3946	9398	3433	3231	1386	1665	1248	1548	1419	1818	1344	3222	260	258	71	85	351	402	61	68	0
*	*	3p	+	61	2883230	1936396	1897950	2997886	9715462	3293	8816	3179	3096	1428	1657	1164	1443	1351	1688	1087	2861	212	238	70	67	339	332	47	44	0
*	*	3p	+	62	2669727	1764313	1716871	2730514	8881425	2975	8058	2991	2801	1287	1609	1067	1373	1174	1658	990	2469	203	220	51	52	303	348	34	44	0
*	*	3p	+	63	2453934	1603650	1580459	2473035	8111078	2859	7380	2796	2420	1161	1580	940	1213	1099	1465	1137	2374	182	213	56	55	285	286	32	43	0
*	*	3p	+	64	2224742	1466287	1448030	2268523	7407582	2739	6671	2474	2209	1120	1309	917	1178	1023	1296	952	2210	189	202	46	57	245	235	26	35	0
*	*	3p	+	65	2004854	1347660	1317869	2090316	6760699	2427	6411	2260	2255	992	1122	894	1053	905	1213	802	2019	128	162	35	47	193	255	31	25	0
*	*	3p	+	66	1848608	1224872	1183966	1911487	6168933	2169	5857	2031	1954	966	1138	767	977	883	1155	722	1831	116	165	33	56	218	207	24	29	0
*	*	3p	+	67	1682911	1115685	1073064	1759129	5630789	1952	5151	1899	1799	771	1068	632	860	816	1049	650	1551	121	127	31	40	193	204	19	28	0
*	*	3p	+	68	1548272	1020961	983031	1583001	5135265	1930	4648	1847	1586	877	964	647	784	686	803	660	1471	109	132	31	39	204	188	22	14	0
*	*	3p	+	69	1400206	935296	902705	1443780	4681987	1749	4324	1599	1418	680	835	601	710	642	851	601	1502	96	119	34	31	141	168	16	23	0
*	*	3p	+	70	1265358	850674	828054	1326049	4270135	1597	3999	1466	1334	601	745	508	683	635	764	569	1385	89	100	34	21	117	129	24	14	0
*	*	3p	-	1	12551648	5554992	10778197	13776959	42661796	116263	20724	15377	37537	5658	13156	7383	12078	11310	14490	3357	9959	0	0	0	0	0	0	0	0	108
*	*	3p	-	2	13930971	9834389	7033715	11958595	42757670	71129	16482	9937	29618	8639	10467	4118	14153	7319	12860	5842	7438	12	11	10	7	150	86	61	45	103
*	*	3p	-	3	12370830	9259984	8523339	12600768	42754921	43474	16005	10400	24240	7451	10024	4729	14327	6147	9133	4582	7562	39	53	37	34	231	287	135	140	46
*	*	3p	-	4	12350816	9109608	8518376	12757327	42736127	36746	14573	9661	20940	6859	8155	4624	15115	5745	8111	4911	7402	92	76	65	61	803	865	263	280	6
*	*	3p	-	5	12048697	9505283	8250728	12948299	42753007	27614	13972	8307	20550	6239	7023	4168	11027	5115	7807	4628	7664	438	619	149	136	1558	1926	402	418	0
*	*	3p	-	6	12668147	9126288	8853147	12663448	43311030	32247	13146	13164	18145	5696	6510	5224	9295	6057	7588	4888	9308	870	918	312	265	2211	2246	590	646	0
*	*	3p	-	7	12621048	9223850	8891313	12573810	43310021	25229	13319	12104	17119	5407	6156	4650	7234	5270	6593	4453	8742	1267	1466	509	417	2542	2820	648	709	0
*	*	3p	-	8	13529515	8519066	9388952	11872925	43310458	25647	12394	12833	14222	4692	5034	5000	7210	5078	6053	4281	8866	1482	1448	544	531	2653	2359	564	716	0
*	*	3p	-	9	13371592	8975658	9254985	11708162	43310397	24163	11479	11590	14043	4865	4425	4982	6649	4949	5405	4837	8202	1547	1850	669	553	2511	2604	575	634	0
*	*	3p	-	10	12508381	9274606	9407030	12120875	43310892	21298	11560	11490	14242	4207	3861	4786	5842	4800	5254	4767	8282	1594	2002	731	566	2267	2756	558	563	0
*	*	3p	-	11	12447681	9344406	9180549	12338883	43311519	18732	10874	11808	13655	4225	4319	4302	5501	4884	5104	3863	7777	1640	1947	717	564	2187	2360	460	515	0
*	*	3p	-	12	12286555	9329358	9353553	12342117	43311583	17791	11020	11707	13461	4203	4213	4263	5124	4733	4751	4062	7599	1637	1895	665	537	2117	2175	433	447	0
*	*	3p	-	13	12402731	9289715	9275780	12343366	43311592	17366	10739	11525	12855	4289	4241	4223	5218	4606	4341	4162	7670	1674	1867	686	559	2103	2143	459	489	0
*	*	3p	-	14	12314327	9379418	9454638	12163684	43312067	17086	10875	11727	12168	4232	4013	4418	5342	4471	4288	4438	8164	1664	1699	703	566	2067	2033	421	447	0
*	*	3p	-	15	12175399	9309884	9512279	12314359	43311921	17188	11037	11040	12795	4103	3466	4453	5207	4703	4468	4321	8029	1705	1885	668	583	2047	2200	409	465	0
*	*	3p	-	16	12216482	9357715	9411043	12326631	43311871	16591	11077	11293	12776	4012	4147	4358	5048	4688	4568	4029	7664	1638	1803	678	566	2057	2055	428	422	0
*	*	3p	-	17	12288139	9401374	9350229	12272208	43311950	16182	11158	11206	12780	4054	4201	4008	4894	4623	4689	3659	7814	1701	1775	676	545	2109	2099	426	442	0
*	*	3p	-	18	12264791	9474629	9488484	12084022	43311926	16272	11714	11346	12014	4193	4075	4368	5000	4301	4081	4092	8263	1690	1705	632	573	2071	1963	469	402	0
*	*	3p	-	19	12142700	9570305	9416186	12182705	43311896	16029	12021	11102	11946	4251	3890	4328	4884	4445	3942	4146	8286	1738	1792	616	537	2096	2229	431	386	0
*	*	3p	-	20	12037627	9618430	9446863	12209005	43311925	16299	12889	10825	12045	4102	3466	4501	4880	4495	4154	4345	8564	1718	1858	611	544	2124	2174	374	439	0
*	*	3p	-	21	12159381	9535691	9355352	12261575	43311999	15800	12947	10949	12072	3984	3968	4232	4744	4459	4529	3984	8333	1730	1729	591	544	2216	2030	390	404	0
*	*	3p	-	22	12274152	9424995	9280081	12332738	43311966	15284	13847	11038	12358	4147	4161	4148	4774	4373	4430	3913	8229	1735	1586	566	517	2162	2032	425	450	0
*	*	3p	-	23	12414862	9426003	9314873	12156286	43312024	15098	14085	11384	11672	4253	3852	4186	4887	4118	3949	3980	8589	1708	1675	557	469	2127	2119	394	373	0
*	*	3p	-	24	12242809	9493569	9433048	12142807	43312233	15214	14782	10909	11387	4166	3798	4312	5013	4223	3741	4200	9204	1695	1633	553	496	2060	1969	391	383	0
*	*	3p	-	25	12237809	9304560	9464621	12305282	43312272	15510	15396	10823	11618	3963	3503	4381	4789	4482	4210	4303	9535	1645	1547	541	497	2016	1930	410	412	0
*	*	3p	-	26	12336263	9287056	9377744	12308317	43309380	14858	15521	11133	11866	4254	3886	4306	4667	4346	4347	3819	9217	1592	1427	519	532	1952	1854	422	360	0
*	*	3p	-	27	12359832	9343177	9271486	12330799	43305294	13705	16140	10932	11712	4250	4082	4104	4629	4175	4268	3759	8957	1522	1498	555	504	1943	1755	383	392	0
*	*	3p	-	28	12367286	9326363	9313313	12293835	43300797	13762	16340	11198	11196	4400	4125	4265	4726	4123	3947	4075	9090	1494	1502	477	526	1822	1864	388	382	0
*	*	3p	-	29	12281689	9311673	9345886	12355645	43294893	13907	16933	10786	11067	4351	3880	4400	4756	4271	3929	4195	9264	1419	1412	529	503	1752	1763	372	387	0
*	*	3p	-	30	12201331	9344302	9394055	12347884	43287572	13642	18353	10721	11484	4127	3750	4535	4652	4190	4254	4282	9366	1377	1356	507	463	1692	1674	393	392	0
*	*	3p	-	31	12326869	9188883	9267385	12308346	43091483	13101	18296	10918	11577	4613	4076	4166	4566	4307	4397	4067	9266	1305	1260	519	494	1642	1622	375	342	0
*	*	3p	-	32	12263871	9083791	9219922	12267823	42835407	12749	18741	11144	11019	4423	4097	4038	4567	4171	4415	3811	9069	1310	1238	480	491	1646	1526	309	309	0
*	*	3p	-	33	12274031	9015406	9093691	12128807	42511935	12522	19175	11306	10582	4491	4248	4123	4506	3989	3953	4011	9296	1170	1145	445	511	1463	1385	300	313	0
*	*	3p	-	34	12143484	8932822	8992266	12036099	42104671	12900	20421	10785	10495	4551	4075	4236	4595	4067	3857	4380	9457	1141	1170	461	455	1422	1460	372	309	0
*	*	3p	-	35	11815085	8800625	8835947	12148587	41600244	12326	20416	10595	10479	4142	3800	4164	4646	4236	4252	4073	9469	1059	1171	448	438	1349	1442	346	326	0
*	*	3p	-	36	11725828	8637070	8660581	11964827	40988306	12054	20449	11040	10469	4406	4173	4012	4221	4279	4310	3711	9210	955	1008	394	417	1286	1240	325	296	0
*	*	3p	-	37	11635320	8428245	8361292	11837125	40261982	11224	20951	10816	10526	4650	4496	3789	4228	4122	4551	3679	8936	906	952	406	366	1200	1171	308	266	0
*	*	3p	-	38	11496676	8223289	8152431	11545665	39418061	11399	21011	11013	9576	4531	4496	3947	4426	3981	4041	3825	9028	938	835	389	346	1174	1077	304	296	0
*	*	3p	-	39	11144274	8000687	8083051	11231179	38459191	11160	21188	10298	9279	4272	4136	3993	4097	4024	3990	3978	9049	808	812	371	357	1017	1048	318	269	0
*	*	3p	-	40	10805000	7817461	7807167	10968273	37397901	11279	21405	9765	9564	4068	3675	3935	4269	4119	4284	3900	9287	706	829	350	377	962	1004	272	250	0
*	*	3p	-	41	10622951	7403521	7493553	10724542	36244567	10506	21399	10080	9423	4265	4143	3765	4015	4166	4595	3427	8668	738	745	304	296	894	942	267	231	0
*	*	3p	-	42	10299507	7132911	7182602	10392796	35007816	10138	21022	9776	9302	4200	4321	3449	3995	3851	4468	3220	8304	676	690	344	313	816	922	265	224	0
*	*	3p	-	43	10052789	6865196	6857206	9918006	33693197	9935	20377	9629	8427	4070	4347	3542	3935	3619	3980	3392	8076	597	644	280	282	778	827	197	225	0
*	*	3p	-	44	9554267	6607205	6606883	9535359	32303714	9953	20588	8935	8154	3978	4094	3357	3756	3683	3903	3399	8074	557	564	302	266	687	742	193	189	0
*	*	3p	-	45	9101943	6247700	6284588	9230734	30864965	9482	20113	8451	8107	3822	3653	3205	3860	3522	4147	3319	8011	498	550	235	252	676	715	205	178	0
*	*	3p	-	46	8735944	5908018	5898119	8846826	29388907	9003	19215	8495	7921	3680	3973	3040	3629	3498	4240	2876	7425	472	490	252	248	579	628	174	162	0
*	*	3p	-	47	8346396	5620282	5543823	8361796	27872297	8439	19221	8165	7377	3747	3967	2788	3497	3200	4026	2632	6817	437	387	204	223	579	499	185	165	0
*	*	3p	-	48	7867789	5349969	5244746	7865567	26328071	8209	18793	7988	6979	3575	3885	2940	3465	3014	3453	2761	6709	392	398	227	209	489	497	183	139	0
*	*	3p	-	49	7329509	5018224	5019494	7406365	24773592	7912	17829	7287	6431	3262	3605	2706	3211	2986	3362	2753	6655	352	341	198	202	433	462	149	146	0
*	*	3p	-	50	6839671	4691022	4711229	6987583	23229505	7428	17412	6874	6376	3069	3230	2703	3248	2853	3442	2708	6118	329	312	152	158	387	419	140	129	0
*	*	3p	-	51	6473783	4337224	4319769	6590557	21721333	6856	16353	6614	6078	2852	3342	2316	2945	2889	3463	2247	5642	284	293	144	150	416	395	100	113	0
*	*	3p	-	52	6067943	4083599	3983579	6122185	20257306	6296	15370	6207	5638	2837	3197	2114	2908	2476	3123	2137	5298	274	277	115	136	321	346	112	89	0
*	*	3p	-	53	5667877	3789442	3724218	5656768	18838305	6134	14703	5956	5136	2690	3155	2199	2681	2331	2775	2109	4915	266	279	120	145	309	370	91	88	0
*	*	3p	-	54	5246991	3504040	3461082	5267914	17480027	5823	13883	5285	4881	2448	2839	1997	2399	2069	2560	2045	4737	233	226	116	98	295	302	82	94	0
*	*	3p	-	55	4812198	3250173	3189080	4931492	16182943	5597	13428	5004	4807	2221	2558	1903	2371	2116	2632	1861	4588	207	182	103	109	256	265	76	77	0
*	*	3p	-	56	4479423	2983151	2947898	4533521	14943993	4994	12430	4720	4295	2159	2471	1692	2203	1918	2579	1675	4053	167	198	108	90	252	259	78	64	0
*	*	3p	-	57	4151993	2722058	2678273	4217090	13769414	4624	11712	4435	4082	1947	2428	1524	1955	1742	2415	1463	3726	146	157	81	86	187	201	63	48	0
*	*	3p	-	58	3823448	2520426	2479158	3830985	12654017	4363	10788	4279	3641	1927	2341	1543	1917	1564	1963	1530	3470	131	137	84	66	160	190	43	59	0
*	*	3p	-	59	3483921	2316189	2284609	3520875	11605594	4230	10134	3874	3304	1703	2129	1356	1757	1515	1849	1454	3358	103	113	59	60	144	173	44	29	0
*	*	3p	-	60	3142083	2138872	2101224	3244861	10627040	3732	9609	3340	3196	1495	1708	1259	1673	1400	1823	1444	3115	100	101	51	48	115	150	37	35	0
*	*	3p	-	61	2901562	1936344	1900093	2982108	9720107	3262	8790	3277	2991	1496	1752	1246	1473	1250	1711	1090	2725	81	106	47	46	133	150	37	35	0
*	*	3p	-	62	2679483	1763934	1719380	2721993	8884790	2945	7943	3047	2694	1357	1684	1069	1397	1195	1626	989	2534	83	89	35	44	122	127	39	27	0
*	*	3p	-	63	2465855	1604292	1583778	2460461	8114386	2923	7461	2723	2483	1269	1526	1002	1268	1068	1393	956	2275	77	97	30	29	122	101	27	21	0
*	*	3p	-	64	2238931	1466925	1448578	2255168	7409602	2712	7080	2567	2161	1096	1446	926	1174	935	1251	974	2174	80	85	40	36	93	112	30	18	0
*	*	3p	-	65	2018960	1345500	1319139	2079832	6763431	2440	6249	2252	2121	937	1147	823	1088	934	1169	844	2004	65	85	44	29	92	125	29	29	0
*	*	3p	-	66	1859285	1224617	1184749	1902475	6171126	2121	5761	2085	1962	969	1233	794	952	818	1225	717	1792	63	58	23	35	76	97	18	18	0
*	*	3p	-	67	1695710	1114987	1073700	1746003	5630400	1918	5222	1903	1753	873	1083	633	817	773	1039	632	1600	75	67	24	27	89	95	12	14	0
*	*	3p	-	68	1551614	1020298	987170	1575811	5134893	1872	4749	1849	1516	845	957	608	783	671	846	666	1413	52	71	31	33	73	87	14	19	0
*	*	3p	-	69	1409414	932422	904081	1435937	4681854	1689	4366	1575	1381	732	858	623	717	577	777	602	1389	50	53	24	23	56	60	9	18	0
*	*	3p	-	70	1273940	849159	827076	1319289	4269464	1689	3997	1367	1336	641	705	543	671	599	719	528	1292	47	44	21	32	55	71	15	10	0
*	*	5p	+	1	13695804	10748538	5616945	12587491	42648778	19653	110031	11222	14070	9151	12531	2963	8667	5223	11411	6542	11322	0	0	0	0	0	0	0	0	20
*	*	5p	+	2	11884293	7085367	9805209	13970816	42745685	15279	69711	18207	9404	8331	10985	5148	6677	7902	9275	3686	12907	0	1	1	2	57	54	26	33	19
*	*	5p	+	3	12545850	8542790	9259986	12394132	42742758	14520	41779	14324	9825	5813	7567	4164	6162	6835	8723	4041	13404	21	10	19	17	142	102	98	86	4
*	*	5p	+	4	12738361	8482963	9097431	12406279	42725034	13452	34372	13414	8781	5491	6311	4278	5227	5970	7098	3828	14014	41	62	44	42	687	652	177	193	0
*	*	5p	+	5	12909155	8234596	9503581	12095812	42743144	12827	25256	13931	7417	4813	5808	4044	4741	5457	6162	3375	12608	554	399	137	138	1626	1362	313	327	0
*	*	5p	+	6	12609864	8837454	9119520	12734024	43300862	11636	30307	12756	12210	5781	5570	4482	5308	5048	5367	4541	11313	757	808	209	211	1471	1694	388	357	0
*	*	5p	+	7	12533511	8891055	9229523	12646207	43300296	11053	23815	12559	11794	5322	4943	4306	4705	4989	5361	4024	9756	1128	1060	249	255	1942	1823	370	370	0
*	*	5p	+	8	11858461	9381432	8529769	13531026	43300688	10420	24635	11079	12154	5137	4646	4167	4460	4367	4561	4606	10495	996	1184	332	295	1537	1845	396	345	0
*	*	5p	+	9	11679647	9250044	8979217	13391477	43300385	10261	23281	11219	11659	5184	4226	4611	4407	4508	4061	4729	10734	1299	1239	338	333	1952	1738	394	337	0
*	*	5p	+	10	12080506	9399616	9279610	12540597	43300329	10413	20258	12038	11185	4985	4234	4680	4713	4145	3675	4584	9785	1464	1216	394	373	2083	1606	385	409	0
*	*	5p	+	11	12287223	9211657	9337016	12464484	43300380	9964	18175	11718	11732	5077	4468	4165	4281	4562	4111	4075	9734	1384	1284	388	394	1863	1726	441	374	0
*	*	5p	+	12	12306196	9378908	9315215	12300064	43300383	10272	17014	12135	11456	4885	4193	4532	4055	4843	4129	4141	9484	1394	1359	397	431	1816	1785	390	438	0
*	*	5p	+	13	12310679	9310479	9274796	12404361	43300315	10155	17227	11113	11265	4686	3815	4299	4109	4482	4268	4289	9610	1424	1427	408	463	1815	1869	404	408	0
*	*	5p	+	14	12144171	9462447	9353138	12340625	43300381	10259	16893	10900	11502	4508	4044	4549	4431	4318	4033	4434	10408	1371	1413	440	501	1758	1878	414	381	0
*	*	5p	+	15	12281262	9526429	9277579	12214799	43300069	10324	17096	11491	11011	4746	4109	4362	4420	4053	3598	4332	10141	1545	1550	480	460	1991	1919	417	414	0
*	*	5p	+	16	12292982	9422301	9329525	12255276	43300084	10347	16139	11911	11336	4418	4235	4328	4127	4535	4125	4304	9624	1525	1537	453	503	1874	1996	386	429	0
*	*	5p	+	17	12244655	9369081	9379981	12306381	43300098	10618	15836	11679	11576	4290	4214	4246	3931	4543	4220	3980	9826	1515	1547	464	446	1912	1981	401	409	0
*	*	5p	+	18	12059246	9512563	9444192	12284115	43300116	11155	16174	10998	11578	4110	3701	4350	4020	4248	4217	4311	9820	1492	1540	490	481	1845	2021	416	401	0
*	*	5p	+	19	12149296	9442540	9551288	12156717	43299841	11465	15977	11122	11224	4138	3629	4586	4210	4325	3854	4193	9819	1671	1738	464	491	2051	2053	420	426	0
*	*	5p	+	20	12184856	9459220	9592989	12062834	43299899	12332	16263	11474	11113	4144	3829	4513	4421	4161	3570	4321	9783	1585	1736	462	490	2045	2079	385	411	0
*	*	5p	+	21	12219443	9387562	9521430	12171528	43299963	12689	15646	11177	11259	4441	4203	4021	4042	3941	3984	4114	9534	1473	1745	483	469	1861	2187	386	415	0
*	*	5p	+	22	12295163	9307598	9411623	12285398	43299782	13720	15418	11198	11465	4174	4113	3844	3934	4211	4180	4027	9416	1493	1680	414	437	1901	2293	395	441	0
*	*	5p	+	23	12139808	9337726	9405858	12416287	43299679	14001	15443	10500	11763	4015	3656	4094	4153	4065	4007	4063	9636	1521	1723	428	468	2106	2257	383	385	0
*	*	5p	+	24	12118926	9443890	9472783	12264270	43299869	14427	15452	10568	11498	3928	3635	4143	4286	4092	3795	4335	9439	1434	1642	499	498	1969	2197	372	402	0
*	*	5p	+	25	12286827	9468532	9283136	12260910	43299405	14942	15591	11249	11326	4305	3920	4333	4600	4028	3555	4281	9524	1458	1692	474	464	1890	2195	378	396	0
*	*	5p	+	26	12294500	9380281	9266919	12355307	43297007	15105	14956	11259	12036	4367	4228	3884	4498	4265	3980	4192	8946	1410	1667	526	482	1736	2144	369	406	0
*	*	5p	+	27	12301961	9283694	9318253	12389136	43293044	15852	14040	11227	11707	4410	3961	3902	4402	4425	4098	4003	9021	1507	1637	506	502	1776	2085	372	353	0
*	*	5p	+	28	12273515	9328155	9306787	12379755	43288212	16200	14147	10693	12051	4092	3678	4042	4644	4376	4324	4236	9003	1435	1515	504	472	1945	2044	351	365	0
*	*	5p	+	29	12334402	9360772	9291872	12294974	43282020	17031	14346	10802	12034	4279	3620	4390	5002	4328	4022	4278	8941	1384	1520	504	522	1811	1945	348	365	0
*	*	5p	+	30	12322906	9404328	9320125	12227475	43274834	17927	14024	10907	12043	4176	4042	4321	5328	4111	3840	4429	8915	1288	1442	522	490	1680	1875	370	408	0
*	*	5p	+	31	12273556	9288874	9176074	12340253	43078757	18242	13588	10719	12511	4232	4260	3890	4960	4198	4179	3931	8634	1308	1417	518	478	1760	1859	379	375	0
*	*	5p	+	32	12236331	9232635	9066328	12287834	42823128	19091	12986	10886	12857	4187	4166	3991	5016	4412	4409	3905	8548	1250	1328	511	456	1639	1843	344	351	0
*	*	5p	+	33	12100827	9113166	9003551	12281613	42499157	19383	12921	10394	13151	4072	3818	4088	5328	4589	4700	4104	8488	1239	1244	585	471	1524	1669	332	355	0
*	*	5p	+	34	12017543	9007787	8908575	12158332	42092237	20353	13217	10157	12636	4124	3811	4351	5435	4508	4462	4084	8433	1177	1247	483	454	1508	1556	328	363	0
*	*	5p	+	35	12127510	8836296	8776768	11848070	41588644	20668	12813	10759	12662	4290	4128	4570	5449	4611	4114	4294	8299	1193	1168	526	453	1569	1527	355	372	0
*	*	5p	+	36	11940529	8656906	8617690	11763300	40978425	20879	12584	10374	13529	4274	4340	3920	5410	4391	4664	4046	7965	1033	1095	523	414	1424	1503	329	387	0
*	*	5p	+	37	11802344	8368385	8414205	11666530	40251464	21373	11769	10796	13462	4200	4389	3795	5326	4644	4805	3662	7630	1040	1049	500	442	1340	1415	312	360	0
*	*	5p	+	38	11527080	8159975	8207063	11514055	39408173	21370	12091	9805	13809	3911	4004	4066	5659	4579	4859	3893	7675	924	1068	477	414	1269	1324	345	362	0
*	*	5p	+	39	11203922	8090566	7985960	11167574	38448022	21752	11842	9378	13326	4158	4119	4082	5882	4323	4750	3940	7470	900	994	509	429	1235	1254	306	324	0
*	*	5p	+	40	10941752	7811904	7800529	10831450	37385635	21796	11650	9556	13063	4079	4245	4025	6227	4108	4510	3901	7439	934	964	488	391	1195	1165	305	335	0
*	*	5p	+	41	10694453	7500363	7392113	10646740	36233669	21577	10953	9464	13292	4129	4621	3489	5790	4216	4889	3589	6778	903	933	448	386	1190	1087	284	305	0
*	*	5p	+	42	10353373	7189672	7120129	10336643	34999817	21899	10715	9328	13233	3885	4604	3369	5498	4169	4980	3442	6773	842	883	437	377	1109	1021	269	305	0
*	*	5p	+	43	9893589	6866166	6861577	10065046	33686378	21301	10487	8516	12980	3697	4139	3508	5772	4170	5047	3487	6458	767	836	394	328	1072	1018	245	254	0
*	*	5p	+	44	9512447	6609345	6593964	9580521	32296277	21212	10345	8487	12460	3769	4008	3760	5942	4240	4747	3376	6392	658	764	399	357	884	927	235	249	0
*	*	5p	+	45	9206235	6286418	6236116	9130772	30859541	20778	9940	8227	11860	3596	4158	3591	5836	3748	4420	3399	6135	676	697	383	322	880	862	201	258	0
*	*	5p	+	46	8822802	5901293	5903265	8755667	29383027	20039	9570	7949	12067	3589	4176	2928	5374	3650	4676	2952	5640	628	612	368	319	752	795	186	208	0
*	*	5p	+	47	8340762	5550428	5611397	8363649	27866236	19972	8819	7570	11532	3332	4129	2741	5055	3743	4542	2837	5485	489	678	342	285	660	702	180	225	0
*	*	5p	+	48	7847824	5244482	5340386	7888404	26321096	19293	8437	6964	11366	3043	3594	2883	5086	3484	4674	2939	5307	480	573	299	265	662	623	171	235	0
*	*	5p	+	49	7381937	5017422	5013811	7351299	24764469	18623	8221	6490	10485	2944	3446	2878	5062	3319	4178	2666	4990	442	462	300	235	660	544	166	200	0
*	*	5p	+	50	6969177	4707286	4682820	6861151	23220434	17942	7958	6572	9866	2960	3556	2840	4884	2924	3848	2598	4732	429	454	260	235	542	543	173	174	0
*	*	5p	+	51	6566971	4322423	4330298	6492754	21712446	17085	7239	6146	9329	2886	3668	2374	4404	2884	3882	2321	4281	409	453	267	209	530	483	152	161	0
*	*	5p	+	52	6106665	3982735	4079608	6077343	20246351	16188	6715	5772	9156	2463	3255	2217	4238	2841	3822	2170	4076	364	428	238	182	526	412	142	167	0
*	*	5p	+	53	5644668	3723780	3782243	5678556	18829247	15101	6380	5375	8451	2305	2968	2208	3977	2714	3704	2122	3938	370	385	237	172	480	428	139	152	0
*	*	5p	+	54	5254969	3462697	3499196	5256264	17473126	14398	6144	4807	7921	2183	2783	2159	3835	2437	3336	2019	3663	340	373	211	171	463	466	140	115	0
*	*	5p	+	55	4915121	3188571	3245541	4826781	16176014	13957	5777	4722	7159	2183	2767	2029	3738	2371	3041	1899	3411	298	381	205	153	400	365	119	132	0
*	*	5p	+	56	4523532	2942556	2981510	4489955	14937553	12886	5118	4438	7053	1928	2653	1804	3295	2072	2989	1718	3085	269	309	180	162	352	348	97	138	0
*	*	5p	+	57	4204273	2679552	2717186	4161672	13762683	12176	4915	4205	6375	1800	2555	1612	3041	2010	2963	1569	2764	266	274	161	122	330	328	105	94	0
*	*	5p	+	58	3820565	2478626	2520204	3830397	12649792	11504	4525	3722	6024	1651	2143	1600	2936	1938	2725	1579	2602	231	258	157	133	355	277	105	113	0
*	*	5p	+	59	3513188	2283134	2314280	3491056	11601658	10618	4365	3467	5563	1590	2081	1563	2852	1755	2578	1413	2495	212	227	138	114	306	251	97	102	0
*	*	5p	+	60	3238162	2098963	2135432	3150172	10622729	10096	3950	3354	4953	1545	2041	1505	2779	1591	2204	1344	2347	176	194	115	102	261	226	86	83	0
*	*	5p	+	61	2977036	1899525	1931851	2907532	9715944	9357	3559	3144	4709	1399	1867	1214	2443	1470	2199	1279	2103	134	179	117	89	270	218	79	99	0
*	*	5p	+	62	2719584	1717077	1760322	2684592	8881575	8450	3240	3001	4463	1355	1792	1186	2259	1424	2183	1110	1978	145	173	96	90	256	204	40	81	0
*	*	5p	+	63	2454528	1583888	1602249	2470635	8111300	7776	3136	2655	4014	1212	1628	1113	2071	1353	2053	1004	1771	113	151	107	77	233	182	61	80	0
*	*	5p	+	64	2251957	1448745	1465332	2241614	7407648	7494	2906	2435	3658	1112	1479	1044	2019	1227	1912	961	1689	138	154	100	64	198	193	58	65	0
*	*	5p	+	65	2075950	1316818	1344220	2023858	6760846	6744	2572	2289	3311	1032	1431	975	1851	1082	1634	924	1539	134	133	79	78	194	143	67	68	0
*	*	5p	+	66	1896481	1186374	1221418	1864505	6168778	6097	2389	2065	3076	918	1403	862	1558	1055	1677	805	1310	100	138	79	52	167	158	72	44	0
*	*	5p	+	67	1743133	1075443	1113637	1698678	5630891	5478	2170	1917	2797	857	1225	757	1493	946	1490	773	1307	96	129	64	69	159	123	51	71	0
*	*	5p	+	68	1573616	986937	1019444	1555303	5135300	5215	2043	1785	2631	767	1052	746	1341	908	1311	744	1196	105	124	68	55	171	121	44	53	0
*	*	5p	+	69	1432703	905805	932118	1411375	4682001	4661	1803	1508	2350	662	950	680	1287	834	1220	657	1039	83	97	76	53	144	125	49	50	0
*	*	5p	+	70	1317560	826546	849273	1276679	4270058	4259	1763	1479	2043	704	896	627	1188	750	1095	589	962	69	90	58	47	153	108	43	35	0
*	*	5p	-	1	13732831	10762695	5618108	12545514	42659148	19352	110017	11332	13869	9154	12708	3110	8691	5003	11085	6553	11204	0	0	0	0	0	0	0	0	6
*	*	5p	-	2	11916792	7089399	9797531	13953916	42757638	15180	70523	17862	9371	8203	11032	5390	6956	7643	9124	3729	12874	3	1	1	3	6	3	2	0	6
*	*	5p	-	3	12570277	8555603	9268066	12360453	42754399	14619	41856	14448	9432	6004	7508	4145	6064	6589	8782	4163	13397	4	4	5	1	14	6	8	8	4
*	*	5p	-	4	12770748	8490795	9095576	12378672	42735791	13610	33869	13408	8631	5579	6314	4305	5516	5664	6781	3849	13851	10	5	11	4	38	38	35	20	0
*	*	5p	-	5	12950814	8241914	9497105	12066115	42755948	12764	25117	13822	7629	4826	5932	4248	4861	5389	5965	3377	12390	99	58	81	64	252	246	210	219	0
*	*	5p	-	6	12648291	8843691	9120622	12703217	43315821	11602	30311	12457	12341	5881	5685	4597	5392	4798	5412	4534	11294	128	102	142	111	333	323	257	285	0
*	*	5p	-	7	12578139	8890096	9226995	12620529	43315759	11014	23812	12667	11800	5334	5140	4363	4746	4913	5154	4129	9313	179	188	174	157	409	337	274	246	0
*	*	5p	-	8	11882364	9392345	8536904	13504074	43315687	10519	24953	10927	12160	5089	4751	4304	4531	4299	4494	4648	10403	236	204	204	214	385	404	295	260	0
*	*	5p	-	9	11714270	9256924	8973745	13370663	43315602	10049	23295	11423	11536	5215	4431	4828	4509	4352	4002	4718	10389	288	253	232	238	380	450	320	278	0
*	*	5p	-	10	12116765	9411597	9268581	12518618	43315561	10273	20265	11860	10887	5184	4591	4898	4689	4325	3934	4593	9617	327	327	230	275	424	491	279	279	0
*	*	5p	-	11	12321438	9219928	9343459	12430692	43315517	10151	18365	12157	11272	5017	4605	4306	4230	4502	4157	4214	9524	392	386	272	288	443	515	283	240	0
*	*	5p	-	12	12342257	9376731	9314508	12281929	43315425	10022	17200	11896	11671	4862	4403	4605	4168	4846	4220	4152	9529	435	425	317	322	493	557	309	258	0
*	*	5p	-	13	12341657	9322386	9267377	12383827	43315247	9818	17212	11164	11532	4579	3884	4359	4230	4448	4441	4138	9598	492	498	305	322	557	644	286	303	0
*	*	5p	-	14	12179573	9471317	9352097	12312129	43315116	10209	16801	11057	11290	4643	3800	4557	4449	4201	3941	4293	10010	521	574	317	348	623	697	343	263	0
*	*	5p	-	15	12320447	9549683	9270295	12174429	43314854	10451	17024	11263	11104	4890	4147	4636	4604	4127	3819	4356	9749	636	618	349	353	741	819	326	300	0
*	*	5p	-	16	12334567	9429623	9326531	12223788	43314509	10279	16396	11698	11322	4550	4181	4553	4334	4504	4118	4128	9486	681	731	356	383	896	949	345	292	0
*	*	5p	-	17	12287194	9366182	9376682	12284247	43314305	10502	15925	11603	11661	4303	4221	4254	3885	4515	4189	3897	9685	757	783	340	373	1001	1042	350	343	0
*	*	5p	-	18	12089469	9517441	9441687	12265410	43314007	11048	15996	11031	11474	4033	3663	4375	4134	4268	4197	4366	9563	792	872	378	358	1222	1134	326	346	0
*	*	5p	-	19	12181085	9459274	9539021	12134498	43313878	11786	16146	11120	11247	4220	3776	4509	4156	4256	3852	3978	9927	969	917	384	402	1254	1232	307	351	0
*	*	5p	-	20	12219936	9471111	9590369	12032417	43313833	12145	16388	11170	11014	4439	3854	4649	4374	4093	3548	4387	9733	1039	1007	408	421	1265	1280	350	313	0
*	*	5p	-	21	12248451	9391420	9527107	12146589	43313567	12730	16013	11276	11453	4476	4232	4139	4240	4056	3848	4171	9432	1038	1003	400	415	1425	1354	363	332	0
*	*	5p	-	22	12333414	9307014	9410181	12262798	43313407	13506	15492	11236	11569	4341	4206	3834	3982	4013	4099	3873	9372	1190	1042	398	399	1454	1452	363	355	0
*	*	5p	-	23	12166879	9339847	9404751	12401851	43313328	13568	15332	10704	11803	3889	3730	4198	4167	4025	4064	3973	9362	1179	1080	442	409	1544	1493	336	338	0
*	*	5p	-	24	12144691	9459445	9476638	12232396	43313170	14562	15232	10391	11438	4006	3567	4411	4548	4155	3870	4205	9441	1297	1166	374	448	1628	1529	359	348	0
*	*	5p	-	25	12317609	9484955	9280850	12229104	43312518	14705	15667	10789	11339	4327	3975	4503	4646	3897	3601	4179	9229	1277	1153	426	444	1657	1572	398	344	0
*	*	5p	-	26	12323114	9382464	9272394	12331926	43309898	15337	14981	11164	11837	4299	4173	3998	4642	4320	3897	4097	8836	1422	1245	454	454	1820	1619	400	351	0
*	*	5p	-	27	12331316	9279598	9322276	12372330	43305520	15765	14141	10868	11918	4392	4093	3964	4335	4383	4112	3939	9034	1363	1313	455	476	1827	1714	383	382	0
*	*	5p	-	28	12305896	9332709	9301566	12360788	43300959	16014	14365	10685	12134	4101	3678	4166	4886	4314	4183	4270	8888	1396	1290	498	517	1846	1777	373	389	0
*	*	5p	-	29	12368437	9367765	9289718	12268830	43294750	16742	14161	10737	12337	4270	3843	4542	5142	4353	4010	4060	8729	1420	1424	516	490	1850	1813	363	405	0
*	*	5p	-	30	12351397	9418706	9321351	12195297	43286751	17843	13929	10815	12268	4360	4157	4281	5310	4176	3857	4227	9025	1480	1397	516	527	1897	1914	388	401	0
*	*	5p	-	31	12313702	9291902	9181776	12303572	43090952	18400	13650	10650	12590	4322	4316	3966	5172	4211	4206	3912	8599	1494	1455	556	503	1961	1905	362	382	0
*	*	5p	-	32	12261346	9236712	9065958	12270472	42834488	18811	13090	10690	13019	4274	4248	3871	5101	4392	4318	3953	8447	1568	1523	535	508	1867	1935	405	368	0
*	*	5p	-	33	12139868	9117382	8990581	12262724	42510555	19587	13043	10282	13433	4112	3740	4119	5292	4511	4559	4041	8588	1561	1533	559	561	1974	1979	414	388	0
*	*	5p	-	34	12049393	9019212	8900512	12134640	42103757	20035	13395	10007	12995	4104	3836	4438	5647	4455	4416	3980	8126	1563	1577	550	501	2011	1987	398	380	0
*	*	5p	-	35	12155692	8855765	8770338	11817486	41599281	20731	13108	10827	13024	4451	4221	4634	5777	4536	4081	4115	8176	1622	1614	558	534	2072	2103	402	398	0
*	*	5p	-	36	11964852	8667352	8624617	11729631	40986452	20732	12618	10417	13428	4279	4344	3858	5534	4457	4546	3917	7780	1551	1559	530	525	2046	2088	367	431	0
*	*	5p	-	37	11831790	8368907	8413074	11646214	40259985	21244	11976	10592	13472	4195	4488	3878	5323	4495	4511	3694	7492	1647	1700	555	491	2084	2176	429	410	0
*	*	5p	-	38	11557055	8162599	8199259	11497577	39416490	21346	11877	9670	13473	3962	3891	4034	5710	4538	4850	3996	7437	1557	1608	546	524	2097	2085	384	385	0
*	*	5p	-	39	11234814	8099385	7984558	11139005	38457762	21621	11825	9543	13418	4152	4028	4168	6021	4307	4725	3742	7317	1505	1664	564	516	2040	2092	389	385	0
*	*	5p	-	40	10974105	7819868	7794601	10807335	37395909	22228	11614	9475	12989	4119	4308	4147	6089	4114	4426	3762	7411	1478	1655	525	470	2022	2114	362	353	0
*	*	5p	-	41	10728162	7501770	7395171	10616748	36241851	21381	11352	9587	13107	4228	4693	3716	5770	4027	4976	3570	6727	1424	1607	508	482	1841	2027	352	371	0
*	*	5p	-	42	10379568	7190032	7118781	10317381	35005762	21198	10762	9264	13148	4056	4538	3447	5784	4173	4976	3247	6654	1446	1510	503	435	1812	1951	338	392	0
*	*	5p	-	43	9923668	6867126	6861568	10038430	33690792	21278	10462	8612	13136	3636	4084	3515	5706	4259	5063	3435	6444	1335	1375	500	445	1760	1918	353	330	0
*	*	5p	-	44	9542742	6615620	6591580	9551428	32301370	21536	10547	8603	12430	3932	4144	3827	5978	4266	4811	3343	6319	1215	1388	473	406	1667	1810	341	318	0
*	*	5p	-	45	9234339	6298906	6234941	9094945	30863131	20880	10339	8245	11956	3683	4223	3484	5851	3684	4391	3229	6042	1195	1341	460	379	1597	1747	290	298	0
*	*	5p	-	46	8851319	5906058	5900940	8727910	29386227	20175	9394	7837	11791	3579	4274	3005	5572	3597	4519	3010	5499	1159	1224	416	340	1549	1702	303	308	0
*	*	5p	-	47	8366352	5548680	5616751	8338176	27869959	19716	8896	7530	11658	3320	4190	2790	5048	3531	4518	2737	5312	1057	1169	422	352	1551	1632	262	267	0
*	*	5p	-	48	7872604	5240443	5338796	7873971	26325814	19332	8489	6909	11210	3065	3645	2850	5277	3497	4441	2781	5161	1037	1203	389	323	1499	1571	269	294	0
*	*	5p	-	49	7410500	5020322	5014347	7326410	24771579	18646	8336	6368	10250	3011	3506	2916	5033	3163	4103	2664	4923	973	1081	416	302	1385	1433	215	251	0
*	*	5p	-	50	6998229	4712606	4681872	6835185	23227892	17869	8014	6462	9772	2910	3518	2766	4962	2896	3781	2693	4803	904	982	355	298	1197	1383	248	277	0
*	*	5p	-	51	6592692	4323777	4332365	6471319	21720153	16824	7252	6175	9131	2838	3436	2387	4640	2867	3909	2291	4302	791	997	345	249	1214	1252	205	192	0
*	*	5p	-	52	6123456	3980422	4082203	6069042	20255123	16297	6699	5732	8910	2514	3332	2153	3983	2852	3704	2102	4002	788	891	319	229	1066	1179	199	210	0
*	*	5p	-	53	5667717	3720574	3784990	5663611	18836892	15124	6314	5361	8456	2446	3118	2196	3973	2842	3570	2084	3930	704	879	279	219	1063	1104	169	206	0
*	*	5p	-	54	5272227	3463241	3497841	5245422	17478731	14681	6227	4992	7976	2204	2772	2060	3911	2407	3289	1941	3538	682	737	289	190	961	968	169	205	0
*	*	5p	-	55	4933627	3195797	3245150	4807197	16181771	13889	5744	4730	7307	2213	2805	2085	3780	2142	2927	1945	3277	577	693	247	202	932	940	157	152	0
*	*	5p	-	56	4547288	2940316	2983047	4471865	14942516	13060	5375	4411	6824	2007	2770	1790	3466	2117	3037	1676	2991	563	679	215	195	797	833	171	191	0
*	*	5p	-	57	4220062	2678455	2723991	4145707	13768215	11991	4761	4195	6557	1821	2584	1556	3094	2036	2940	1483	2734	516	595	193	168	822	790	143	151	0
*	*	5p	-	58	3835443	2477442	2519989	3820261	12653135	11534	4546	3824	6024	1698	2128	1538	3090	2004	2739	1470	2582	472	540	202	193	672	729	167	140	0
*	*	5p	-	59	3530684	2284531	2317700	3472143	11605058	10812	4426	3349	5488	1605	2035	1571	2915	1813	2416	1419	2426	430	509	198	145	654	649	116	149	0
*	*	5p	-	60	3256805	2100541	2134998	3133285	10625629	9845	4057	3390	4944	1576	1956	1556	2718	1517	2274	1297	2286	400	445	172	116	560	590	132	115	0
*	*	5p	-	61	2993345	1899289	1931105	2895602	9719341	9266	3586	3157	4563	1421	1992	1203	2504	1450	2142	1169	2011	298	398	150	126	560	541	106	97	0
*	*	5p	-	62	2725361	1716210	1764018	2678807	8884396	8545	3186	2928	4307	1229	1886	1109	2118	1365	2248	1104	1986	338	380	176	92	511	480	92	118	0
*	*	5p	-	63	2468904	1581917	1602539	2459963	8113323	7869	3175	2660	4150	1171	1610	1206	2089	1309	2045	1098	1731	280	354	118	119	458	454	86	108	0
*	*	5p	-	64	2266350	1449542	1462082	2231164	7409138	7123	2971	2492	3764	1133	1542	1094	2043	1224	1877	1023	1673	309	316	108	89	454	424	85	79	0
*	*	5p	-	65	2087689	1318678	1345329	2010969	6762665	6891	2745	2334	3275	1093	1485	998	1913	1083	1599	949	1588	243	306	107	102	406	384	66	97	0
*	*	5p	-	66	1905797	1184263	1223911	1856466	6170437	6203	2481	2108	3045	958	1425	817	1621	1062	1639	819	1353	259	279	118	71	371	332	78	113	0
*	*	5p	-	67	1753692	1073334	1115216	1687598	5629840	5420	2181	2006	2767	916	1243	780	1485	965	1446	716	1247	201	243	101	57	326	359	61	95	0
*	*	5p	-	68	1580223	982729	1020936	1550468	5134356	5127	2051	1775	2565	800	1048	765	1395	932	1308	716	1196	196	218	74	78	298	327	57	85	0
*	*	5p	-	69	1439924	904704	933522	1403015	4681165	4679	1897	1549	2271	752	1057	799	1368	765	1171	690	1054	195	202	76	57	297	268	55	50	0
*	*	5p	-	70	1323297	826960	849416	1269213	4268886	4358	1659	1479	2045	745	924	690	1192	715	1087	642	1026	166	178	69	65	243	247	43	63	0
