Sample	Library	End	Std	Pos	A	C	G	T	Total	G>A	C>T	A>G	T>C	A>C	A>T	C>G	C>A	T>G	T>A	G>C	G>T	A>-	T>-	C>-	G>-	->A	->T	->C	->G	S
*	*	3p	+	1	12678085	5587611	11195216	13843390	43304302	149921	20457	20984	37791	5616	13034	8897	12167	12954	14845	4354	11529	0	0	0	0	0	0	0	0	35
*	*	3p	+	2	14076862	9875787	7332062	12019463	43304174	94290	16535	13933	29892	8731	10583	5166	13806	8532	12966	7411	9260	18	12	14	13	14	10	15	10	33
*	*	3p	+	3	12469961	9309877	8862394	12662010	43304242	58268	15692	15005	24639	7443	10148	5969	14321	7266	9230	6134	9476	27	29	16	21	35	30	26	24	25
*	*	3p	+	4	12473218	9158470	8846319	12826464	43304471	48979	14537	14594	20972	6530	8041	5961	15077	7129	8318	6386	9062	27	26	18	27	57	69	53	66	1
*	*	3p	+	5	12151948	9541105	8579955	13030932	43303940	37807	13850	13085	20614	6311	7375	5368	10901	6291	7961	6409	9594	31	33	16	26	160	159	102	136	0
*	*	3p	+	6	12639869	9121104	8851800	12689592	43302365	32111	12838	13067	17997	5530	6479	5137	9367	6076	7685	4894	9538	54	93	57	65	656	525	441	489	0
*	*	3p	+	7	12590723	9213232	8895694	12602190	43301839	25237	13171	12266	17333	5337	6001	4597	7075	5325	6748	4442	8897	285	309	328	290	882	740	544	518	0
*	*	3p	+	8	13491060	8518290	9397047	11895076	43301473	25741	12398	12724	14353	4630	5015	4807	6815	5174	6055	4273	8874	315	422	393	374	1072	797	543	648	0
*	*	3p	+	9	13339612	8968064	9255131	11738776	43301583	24167	11249	11973	14299	5012	4323	4884	6416	4860	5342	5072	8195	424	510	467	405	1026	798	525	580	0
*	*	3p	+	10	12477313	9264273	9410992	12149563	43302141	21024	11495	11180	14303	4129	3906	4680	5884	4933	5329	4908	8244	455	548	541	408	954	745	437	534	0
*	*	3p	+	11	12404086	9345885	9181885	12370679	43302535	18970	10953	11816	13746	4068	4240	4347	5276	4810	5414	4190	7857	503	598	552	420	828	655	374	409	0
*	*	3p	+	12	12267004	9320938	9342732	12371805	43302479	17756	10795	11847	13350	4298	4197	4338	5249	4811	4895	4289	7900	534	674	519	411	735	633	303	383	0
*	*	3p	+	13	12376839	9280391	9280153	12365058	43302441	17607	10557	11645	13014	4175	4334	4229	5138	4442	4313	4344	7801	604	674	541	444	761	702	324	360	0
*	*	3p	+	14	12282803	9374634	9457418	12187721	43302576	17052	10816	11416	12368	4126	3929	4461	5126	4604	4261	4359	8538	676	734	617	409	816	748	323	347	0
*	*	3p	+	15	12127136	9294670	9531909	12348723	43302438	17086	11048	11028	12541	3957	3658	4445	5074	4881	4527	4433	8317	739	746	540	465	898	840	303	334	0
*	*	3p	+	16	12184020	9351186	9410653	12356134	43301993	16434	10998	11590	12827	4010	3970	4240	4755	4736	4648	4184	8052	831	841	569	488	975	929	315	362	0
*	*	3p	+	17	12259648	9396781	9341301	12304115	43301845	16105	11078	11585	12659	4101	4167	4040	4705	4520	4660	3790	7779	881	947	522	440	1153	1133	320	366	0
*	*	3p	+	18	12242129	9458890	9486519	12113786	43301324	16340	11654	11462	11884	4147	4138	4459	5003	4258	4044	4228	8321	969	1045	584	449	1236	1275	393	368	0
*	*	3p	+	19	12111475	9560758	9424633	12204463	43301329	16303	12160	11106	12034	4156	3791	4221	4962	4391	4163	4355	8538	1046	1052	601	459	1350	1376	385	366	0
*	*	3p	+	20	12001153	9607969	9455289	12236773	43301184	16474	12670	10877	11892	3923	3464	4435	4925	4505	4129	4496	8758	1112	1222	602	510	1406	1483	367	368	0
*	*	3p	+	21	12116471	9534748	9359687	12290000	43300906	15886	13114	10999	12167	4060	3907	4198	4740	4440	4397	3916	8549	1127	1315	563	484	1507	1637	391	373	0
*	*	3p	+	22	12251943	9414860	9269577	12364371	43300751	15077	13757	11251	12277	4106	4146	4184	4705	4436	4528	3907	8649	1232	1417	557	436	1588	1710	373	381	0
*	*	3p	+	23	12390515	9409847	9323804	12176447	43300613	15457	14025	11452	11512	4227	3999	4160	4741	4113	3885	4032	8780	1223	1411	537	512	1600	1862	352	379	0
*	*	3p	+	24	12209233	9494290	9437177	12159713	43300413	15272	14784	10977	11105	4093	3782	4410	4897	4248	3716	4308	9128	1278	1481	586	432	1680	1984	350	376	0
*	*	3p	+	25	12202274	9298524	9467641	12331878	43300317	15623	15113	10830	11510	3818	3527	4216	4726	4455	4249	4307	9321	1361	1496	531	479	1688	2010	383	405	0
*	*	3p	+	26	12305628	9291757	9373423	12329369	43300177	14673	15735	11120	11733	4177	3928	4132	4566	4247	4507	4018	9245	1323	1582	521	523	1759	2099	378	395	0
*	*	3p	+	27	12334147	9342189	9262840	12360860	43300036	13795	16167	11117	11685	4269	3861	4116	4536	4298	4513	3792	8855	1410	1560	507	461	1829	2131	394	420	0
*	*	3p	+	28	12338379	9324496	9313993	12323030	43299898	14216	16464	11272	11113	4498	4088	4397	4688	4066	3934	4230	9134	1397	1657	568	527	1897	2181	419	415	0
*	*	3p	+	29	12246838	9311731	9354101	12387234	43299904	13940	17171	11015	11378	4323	3828	4225	4614	4273	4016	4382	9424	1552	1737	558	458	1950	2148	417	393	0
*	*	3p	+	30	12165551	9354256	9401568	12378321	43299696	13748	18633	10643	11452	4144	3677	4492	4672	4290	4208	4233	9577	1564	1729	564	500	2110	2183	369	445	0
*	*	3p	+	31	12287549	9207212	9267443	12347219	43109423	13044	19162	11118	11567	4601	3957	4152	4434	4436	4576	4216	9305	1539	1755	557	530	2084	2160	426	390	0
*	*	3p	+	32	12248569	9095901	9217938	12297783	42860191	12487	19685	11191	11333	4341	4154	4033	4563	4340	4464	3819	9425	1675	1737	566	528	2040	2112	392	429	0
*	*	3p	+	33	12247916	9029166	9100740	12165900	42543722	12758	20430	11523	10747	4643	4210	4124	4629	4053	3973	4224	9320	1695	1795	568	524	2028	2151	360	391	0
*	*	3p	+	34	12113159	8954042	9005863	12071162	42144226	12865	21451	10864	10927	4608	4069	4175	4454	4073	3768	4520	9725	1712	1816	552	554	2039	2092	379	394	0
*	*	3p	+	35	11782148	8826980	8856019	12183055	41648202	12541	21883	10660	11082	4282	3746	4202	4575	4284	4327	4293	9656	1687	1771	492	527	2127	2257	406	365	0
*	*	3p	+	36	11689851	8678571	8670987	12005240	41044649	11981	22262	10970	11043	4372	4080	4063	4449	4245	4420	3891	9248	1664	1650	531	522	2028	2114	398	378	0
*	*	3p	+	37	11620785	8470492	8357342	11875183	40323802	11372	22896	10796	11078	4708	4165	3885	4399	4211	4464	3793	8864	1639	1695	479	486	2158	2128	362	409	0
*	*	3p	+	38	11480423	8263977	8156196	11586208	39486804	11430	23343	10743	10404	4489	4383	4093	4480	3937	3881	3925	9043	1556	1630	484	458	2132	2108	370	337	0
*	*	3p	+	39	11115851	8043101	8098749	11273902	38531603	11274	23711	10326	10070	4427	4217	3881	4360	4006	3961	4248	9111	1577	1543	465	427	1996	2037	327	349	0
*	*	3p	+	40	10777193	7859052	7821898	11016322	37474465	11039	24464	10041	10143	4204	3849	3902	4437	4185	4185	4229	9259	1524	1441	429	429	1997	1972	332	349	0
*	*	3p	+	41	10586747	7455976	7499058	10784042	36325823	10720	23719	10061	10403	4482	4261	3801	4298	4286	4645	3634	8610	1476	1532	462	391	1943	1831	357	319	0
*	*	3p	+	42	10289585	7179986	7185177	10440981	35095729	10096	23758	9702	9829	4423	4224	3379	4211	3936	4594	3445	8282	1427	1388	370	419	1873	1798	349	320	0
*	*	3p	+	43	10029018	6926122	6863547	9965468	33784155	10120	23463	9777	9437	4367	4300	3551	4063	3532	3945	3541	8160	1300	1313	358	367	1706	1755	315	303	0
*	*	3p	+	44	9529427	6658494	6620715	9589368	32398004	10018	23882	8889	9150	4159	4063	3461	4249	3795	3889	3642	8244	1271	1241	374	359	1632	1610	270	300	0
*	*	3p	+	45	9071670	6304687	6303411	9280746	30960514	9617	23590	8487	9093	3994	3710	3500	3988	3687	4201	3667	7998	1149	1185	309	351	1591	1582	247	283	0
*	*	3p	+	46	8706500	5965365	5909192	8902540	29483597	9051	22652	8326	8786	3774	3906	3289	3744	3587	4116	3108	7482	1122	1044	306	288	1562	1473	266	288	0
*	*	3p	+	47	8322034	5683093	5547615	8415025	27967767	8493	22051	8232	8306	3850	3846	3031	3633	3377	4181	2887	6959	1011	1025	260	270	1429	1454	234	248	0
*	*	3p	+	48	7863917	5404517	5244492	7907842	26420768	8090	21719	7944	7660	3685	3788	2964	3789	3030	3529	2931	6738	965	913	275	280	1336	1313	259	221	0
*	*	3p	+	49	7308856	5067550	5031812	7452002	24860220	8108	20791	7223	7298	3411	3492	2870	3470	3028	3510	2845	6729	810	867	247	259	1230	1193	197	211	0
*	*	3p	+	50	6819019	4740599	4721191	7032232	23313041	7594	20758	6742	7034	3158	3170	2762	3423	2882	3496	2971	6314	819	791	211	268	1214	1104	218	221	0
*	*	3p	+	51	6453000	4386203	4324662	6638017	21801882	7051	19214	6639	6883	3064	3347	2484	3152	2891	3370	2407	5988	744	717	212	225	984	1020	147	183	0
*	*	3p	+	52	6055329	4136888	3984837	6154666	20331720	6323	18378	6213	6332	2974	3123	2255	3070	2439	3119	2249	5147	617	688	183	179	933	953	165	154	0
*	*	3p	+	53	5655065	3832824	3723556	5698442	18909887	6030	17347	6038	5857	2987	2975	2383	2798	2333	2900	2159	5100	582	577	174	183	873	901	160	146	0
*	*	3p	+	54	5234025	3543960	3466489	5305204	17549678	5827	16621	5719	5506	2584	2672	2093	2562	2246	2647	2269	4875	535	590	150	159	757	763	141	116	0
*	*	3p	+	55	4796016	3288165	3197784	4967126	16249091	5455	15748	5113	5380	2375	2384	2076	2507	2186	2765	2027	4628	433	507	153	144	676	735	116	113	0
*	*	3p	+	56	4462193	3022652	2947792	4573100	15005737	5015	14717	4876	4909	2254	2418	1803	2291	1995	2576	1787	4296	409	450	136	125	585	616	108	99	0
*	*	3p	+	57	4136749	2759895	2680980	4248959	13826583	4535	13821	4484	4571	2150	2451	1599	2180	1721	2408	1566	3740	376	400	101	104	524	562	91	94	0
*	*	3p	+	58	3813733	2553359	2483508	3858631	12709231	4381	12947	4291	4039	2042	2307	1607	2029	1602	2102	1633	3649	313	322	98	89	506	485	61	79	0
*	*	3p	+	59	3466163	2347920	2289747	3552555	11656385	4186	12121	3829	3715	1845	1972	1472	1745	1555	1891	1524	3336	277	323	75	77	410	480	66	68	0
*	*	3p	+	60	3125938	2166496	2103976	3276529	10672939	3950	11100	3436	3664	1494	1667	1361	1690	1423	1823	1469	3232	260	258	71	85	351	402	61	68	0
*	*	3p	+	61	2886695	1962506	1901505	3011269	9761975	3296	10479	3180	3494	1532	1660	1264	1574	1353	1694	1193	2869	212	238	70	67	339	332	47	44	0
*	*	3p	+	62	2672882	1788297	1720117	2742534	8923830	2981	9578	2992	3165	1381	1611	1153	1504	1178	1662	1084	2471	203	220	51	52	303	348	34	44	0
*	*	3p	+	63	2456834	1625304	1583459	2484127	8149724	2862	8766	2800	2766	1238	1583	1032	1321	1101	1468	1229	2377	182	213	56	55	285	286	32	43	0
*	*	3p	+	64	2227357	1486140	1450712	2278583	7442792	2742	7960	2477	2540	1191	1313	990	1281	1026	1299	1018	2217	189	202	46	57	245	235	26	35	0
*	*	3p	+	65	2007291	1365767	1320394	2099661	6793113	2428	7507	2261	2532	1070	1125	974	1164	905	1216	877	2024	128	162	35	47	193	255	31	25	0
*	*	3p	+	66	1850775	1241338	1186212	1919995	6198320	2170	6975	2031	2234	1025	1139	835	1076	884	1159	803	1835	116	165	33	56	218	207	24	29	0
*	*	3p	+	67	1684935	1130777	1075053	1766992	5657757	1954	6169	1899	2050	843	1070	689	931	818	1053	701	1553	121	127	31	40	193	204	19	28	0
*	*	3p	+	68	1550063	1034708	984840	1589947	5159558	1930	5545	1847	1806	919	965	697	852	687	805	720	1473	109	132	31	39	204	188	22	14	0
*	*	3p	+	69	1401851	947534	904366	1449999	4703750	1750	5118	1600	1615	726	836	654	777	643	854	663	1504	96	119	34	31	141	168	16	23	0
*	*	3p	+	70	1266803	861561	829601	1331752	4289717	1599	4719	1467	1515	635	748	545	734	637	766	623	1391	89	100	34	21	117	129	24	14	0
*	*	3p	-	1	12711890	5587149	11193702	13823711	43316452	149802	20792	21183	37657	5698	13271	8812	12196	12882	14600	4247	11554	0	0	0	0	0	0	0	0	108
*	*	3p	-	2	14103109	9886807	7329644	11996517	43316077	93504	16522	13917	29672	8696	10546	5194	14244	8310	12908	7458	8890	12	11	10	7	150	86	61	45	103
*	*	3p	-	3	12518248	9310142	8847522	12639861	43315773	57722	16039	14979	24299	7505	10085	6019	14426	7322	9177	5989	9079	39	53	37	34	231	287	135	140	46
*	*	3p	-	4	12505473	9160472	8849252	12799518	43314715	49266	14605	14389	20981	6908	8194	5906	15186	7020	8146	6308	8999	92	76	65	61	803	865	263	280	6
*	*	3p	-	5	12192906	9556817	8573203	12989489	43312415	37696	14007	12980	20598	6274	7074	5414	11085	6247	7828	6020	9186	438	619	149	136	1558	1926	402	418	0
*	*	3p	-	6	12668153	9126289	8853150	12663451	43311043	32247	13146	13165	18145	5697	6510	5224	9295	6057	7588	4888	9308	870	918	312	265	2211	2246	590	646	0
*	*	3p	-	7	12621048	9223850	8891313	12573810	43310021	25229	13319	12104	17119	5407	6156	4650	7234	5270	6593	4453	8742	1267	1466	509	417	2542	2820	648	709	0
*	*	3p	-	8	13529515	8519066	9388952	11872925	43310458	25647	12394	12833	14222	4692	5034	5000	7210	5078	6053	4281	8866	1482	1448	544	531	2653	2359	564	716	0
*	*	3p	-	9	13371592	8975658	9254985	11708162	43310397	24163	11479	11590	14043	4865	4425	4982	6649	4949	5405	4837	8202	1547	1850	669	553	2511	2604	575	634	0
*	*	3p	-	10	12508381	9274606	9407030	12120875	43310892	21298	11560	11490	14242	4207	3861	4786	5842	4800	5254	4767	8282	1594	2002	731	566	2267	2756	558	563	0
*	*	3p	-	11	12447681	9344406	9180549	12338883	43311519	18732	10874	11808	13655	4225	4319	4302	5501	4884	5104	3863	7777	1640	1947	717	564	2187	2360	460	515	0
*	*	3p	-	12	12286555	9329358	9353553	12342117	43311583	17791	11020	11707	13461	4203	4213	4263	5124	4733	4751	4062	7599	1637	1895	665	537	2117	2175	433	447	0
*	*	3p	-	13	12402731	9289715	9275780	12343366	43311592	17366	10739	11525	12855	4289	4241	4223	5218	4606	4341	4162	7670	1674	1867	686	559	2103	2143	459	489	0
*	*	3p	-	14	12314327	9379418	9454638	12163684	43312067	17086	10875	11727	12168	4232	4013	4418	5342	4471	4288	4438	8164	1664	1699	703	566	2067	2033	421	447	0
*	*	3p	-	15	12175399	9309884	9512279	12314359	43311921	17188	11037	11040	12795	4103	3466	4453	5207	4703	4468	4321	8029	1705	1885	668	583	2047	2200	409	465	0
*	*	3p	-	16	12216482	9357715	9411043	12326631	43311871	16591	11077	11293	12776	4012	4147	4358	5048	4688	4568	4029	7664	1638	1803	678	566	2057	2055	428	422	0
*	*	3p	-	17	12288139	9401374	9350229	12272208	43311950	16182	11158	11206	12780	4054	4201	4008	4894	4623	4689	3659	7814	1701	1775	676	545	2109	2099	426	442	0
*	*	3p	-	18	12264791	9474629	9488484	12084022	43311926	16272	11714	11346	12014	4193	4075	4368	5000	4301	4081	4092	8263	1690	1705	632	573	2071	1963	469	402	0
*	*	3p	-	19	12142700	9570305	9416186	12182705	43311896	16029	12021	11102	11946	4251	3890	4328	4884	4445	3942	4146	8286	1738	1792	616	537	2096	2229	431	386	0
*	*	3p	-	20	12037627	9618430	9446863	12209005	43311925	16299	12889	10825	12045	4102	3466	4501	4880	4495	4154	4345	8564	1718	1858	611	544	2124	2174	374	439	0
*	*	3p	-	21	12159381	9535691	9355352	12261575	43311999	15800	12947	10949	12072	3984	3968	4232	4744	4459	4529	3984	8333	1730	1729	591	544	2216	2030	390	404	0
*	*	3p	-	22	12274152	9424995	9280081	12332738	43311966	15284	13847	11038	12358	4147	4161	4148	4774	4373	4430	3913	8229	1735	1586	566	517	2162	2032	425	450	0
*	*	3p	-	23	12414862	9426003	9314873	12156286	43312024	15098	14085	11384	11672	4253	3852	4186	4887	4118	3949	3980	8589	1708	1675	557	469	2127	2119	394	373	0
*	*	3p	-	24	12242809	9493569	9433048	12142807	43312233	15214	14782	10909	11387	4166	3798	4312	5013	4223	3741	4200	9204	1695	1633	553	496	2060	1969	391	383	0
*	*	3p	-	25	12237809	9304560	9464621	12305282	43312272	15510	15396	10823	11618	3963	3503	4381	4789	4482	4210	4303	9535	1645	1547	541	497	2016	1930	410	412	0
*	*	3p	-	26	12336396	9289225	9378023	12308810	43312454	14858	15562	11133	11892	4257	3886	4315	4672	4346	4347	3824	9217	1592	1427	519	532	1952	1854	422	360	0
*	*	3p	-	27	12360141	9348250	9272189	12331982	43312562	13706	16253	10933	11761	4259	4084	4120	4641	4176	4268	3770	8958	1522	1498	555	504	1943	1755	383	392	0
*	*	3p	-	28	12367925	9334320	9314464	12295878	43312587	13763	16563	11198	11291	4418	4126	4288	4736	4124	3949	4098	9092	1494	1502	477	526	1822	1864	388	382	0
*	*	3p	-	29	12282605	9323392	9347655	12359115	43312767	13908	17320	10786	11191	4375	3880	4453	4784	4272	3931	4230	9266	1419	1412	529	503	1752	1763	372	387	0
*	*	3p	-	30	12202675	9360858	9396439	12352905	43312877	13644	19017	10724	11656	4155	3750	4590	4696	4191	4255	4342	9369	1377	1356	507	463	1692	1674	393	392	0
*	*	3p	-	31	12328540	9209044	9270452	12314830	43122866	13103	19139	10919	11802	4657	4081	4239	4628	4308	4397	4123	9269	1305	1260	519	494	1642	1622	375	342	0
*	*	3p	-	32	12266045	9107871	9223505	12275865	42873286	12750	19747	11145	11273	4494	4098	4115	4633	4171	4417	3880	9073	1310	1238	480	491	1646	1526	309	309	0
*	*	3p	-	33	12276753	9043749	9097728	12138847	42557077	12524	20381	11308	10923	4561	4251	4229	4572	3992	3957	4110	9304	1170	1145	445	511	1463	1385	300	313	0
*	*	3p	-	34	12146724	8965534	8997087	12048155	42157500	12901	21890	10787	10871	4647	4080	4357	4694	4069	3859	4493	9465	1141	1170	461	455	1422	1460	372	309	0
*	*	3p	-	35	11818854	8838112	8841289	12163061	41661316	12331	22094	10596	10927	4262	3804	4312	4813	4241	4254	4205	9476	1059	1171	448	438	1349	1442	346	326	0
*	*	3p	-	36	11730071	8678488	8666387	11981000	41055946	12055	22373	11041	11013	4514	4181	4164	4366	4283	4315	3862	9220	955	1008	394	417	1286	1240	325	296	0
*	*	3p	-	37	11640095	8472683	8367698	11855456	40335932	11227	23064	10818	11113	4778	4500	3947	4404	4127	4554	3828	8941	906	952	406	366	1200	1171	308	266	0
*	*	3p	-	38	11502128	8270985	8159218	11566038	39498369	11401	23225	11013	10178	4697	4502	4128	4629	3989	4045	3991	9039	938	835	389	346	1174	1077	304	296	0
*	*	3p	-	39	11150174	8051527	8090450	11252989	38545140	11164	23743	10301	9942	4436	4144	4205	4317	4028	3998	4146	9060	808	812	371	357	1017	1048	318	269	0
*	*	3p	-	40	10811065	7870413	7814687	10991610	37487775	11282	24003	9767	10281	4251	3682	4151	4470	4126	4291	4077	9299	706	829	350	377	962	1004	272	250	0
*	*	3p	-	41	10629495	7457837	7501302	10749002	36337636	10507	24138	10081	10190	4451	4151	3974	4242	4172	4606	3611	8680	738	745	304	296	894	942	267	231	0
*	*	3p	-	42	10306354	7189797	7190729	10418693	35105573	10143	23866	9782	10088	4397	4328	3676	4224	3859	4476	3429	8321	676	690	344	313	816	922	265	224	0
*	*	3p	-	43	10060086	6922715	6865369	9944620	33792790	9943	23330	9629	9177	4279	4354	3762	4194	3624	3985	3593	8090	597	644	280	282	778	827	197	225	0
*	*	3p	-	44	9561693	6665895	6615353	9563055	32405996	9956	23671	8939	9031	4169	4101	3580	4018	3692	3911	3604	8086	557	564	302	266	687	742	193	189	0
*	*	3p	-	45	9109536	6306612	6292873	9258890	30967911	9488	23374	8453	8894	4031	3661	3460	4112	3532	4155	3566	8022	498	550	235	252	676	715	205	178	0
*	*	3p	-	46	8743511	5966194	5906548	8875382	29491635	9008	22393	8496	8730	3870	3983	3286	3876	3503	4251	3091	7437	472	490	252	248	579	628	174	162	0
*	*	3p	-	47	8353872	5678927	5551969	8390133	27974901	8444	22494	8166	8206	3935	3982	3041	3762	3208	4034	2861	6833	437	387	204	223	579	499	185	165	0
*	*	3p	-	48	7875087	5407651	5252634	7893505	26428877	8214	21928	7988	7823	3780	3893	3170	3737	3023	3460	2975	6729	392	398	227	209	489	497	183	139	0
*	*	3p	-	49	7336549	5073706	5027363	7433325	24870943	7919	20901	7292	7249	3486	3615	2912	3457	2993	3374	2979	6675	352	341	198	202	433	462	149	146	0
*	*	3p	-	50	6846443	4744858	4718655	7013820	23323776	7432	20430	6878	7151	3234	3243	2919	3481	2860	3454	2902	6138	329	312	152	158	387	419	140	129	0
*	*	3p	-	51	6480472	4388589	4326886	6616134	21812081	6864	19221	6618	6870	3051	3349	2529	3186	2896	3469	2462	5656	284	293	144	150	416	395	100	113	0
*	*	3p	-	52	6074262	4132733	3990350	6146138	20343483	6303	18226	6211	6375	3003	3203	2307	3143	2484	3133	2313	5310	274	277	115	136	321	346	112	89	0
*	*	3p	-	53	5674000	3835595	3730756	5679728	18920079	6141	17416	5959	5825	2852	3161	2397	2893	2345	2787	2289	4927	266	279	120	145	309	370	91	88	0
*	*	3p	-	54	5252718	3548001	3467134	5290012	17557865	5826	16484	5288	5567	2624	2847	2173	2606	2077	2566	2211	4748	233	226	116	98	295	302	82	94	0
*	*	3p	-	55	4817561	3291890	3194883	4952250	16256584	5604	15966	5007	5432	2358	2566	2073	2573	2125	2640	2015	4596	207	182	103	109	256	265	76	77	0
*	*	3p	-	56	4484633	3021915	2953260	4552834	15012642	4996	14817	4723	4881	2326	2477	1858	2381	1925	2590	1813	4062	167	198	108	90	252	259	78	64	0
*	*	3p	-	57	4156720	2758160	2683255	4235469	13833604	4626	13937	4438	4591	2095	2434	1690	2137	1747	2418	1603	3739	146	157	81	86	187	201	63	48	0
*	*	3p	-	58	3827925	2554259	2483713	3848160	12714057	4367	12808	4284	4156	2049	2351	1678	2058	1567	1976	1655	3477	131	137	84	66	160	190	43	59	0
*	*	3p	-	59	3487936	2347643	2288912	3536743	11661234	4231	12043	3878	3767	1826	2133	1496	1917	1519	1859	1591	3370	103	113	59	60	144	173	44	29	0
*	*	3p	-	60	3145769	2167392	2105161	3259219	10677541	3735	11342	3342	3655	1599	1715	1378	1801	1404	1831	1549	3119	100	101	51	48	115	150	37	35	0
*	*	3p	-	61	2905104	1962362	1903740	2995340	9766546	3265	10478	3279	3396	1594	1756	1349	1615	1258	1713	1200	2735	81	106	47	46	133	150	37	35	0
*	*	3p	-	62	2682560	1787925	1722677	2734286	8927448	2950	9538	3049	3074	1453	1688	1190	1512	1197	1631	1070	2536	83	89	35	44	122	127	39	27	0
*	*	3p	-	63	2468738	1626112	1586759	2471449	8153058	2926	8865	2726	2827	1352	1530	1105	1378	1072	1399	1034	2284	77	97	30	29	122	101	27	21	0
*	*	3p	-	64	2241574	1486915	1451368	2265431	7445288	2720	8366	2570	2474	1171	1449	1011	1263	940	1255	1054	2179	80	85	40	36	93	112	30	18	0
*	*	3p	-	65	2021332	1363623	1321530	2089180	6795665	2442	7368	2254	2368	1015	1149	906	1181	936	1176	919	2008	65	85	44	29	92	125	29	29	0
*	*	3p	-	66	1861512	1241338	1187003	1910806	6200659	2125	6831	2085	2213	1035	1234	874	1030	823	1231	802	1795	63	58	23	35	76	97	18	18	0
*	*	3p	-	67	1697657	1129950	1075747	1753872	5657226	1920	6175	1906	1982	925	1083	692	893	773	1042	693	1606	75	67	24	27	89	95	12	14	0
*	*	3p	-	68	1553408	1033887	989086	1582678	5159059	1875	5605	1850	1726	904	958	662	838	671	850	720	1420	52	71	31	33	73	87	14	19	0
*	*	3p	-	69	1410956	944702	905701	1442093	4703452	1692	5173	1576	1594	784	862	677	773	581	779	638	1394	50	53	24	23	56	60	9	18	0
*	*	3p	-	70	1275321	860154	828542	1325043	4289060	1689	4692	1368	1533	680	706	586	707	602	723	568	1298	47	44	21	32	55	71	15	10	0
*	*	5p	+	1	13741924	11164492	5649405	12748569	43304390	19696	143309	11236	19985	10684	12628	3822	10239	5268	11504	8005	11437	0	0	0	0	0	0	0	0	20
*	*	5p	+	2	11922060	7382236	9857178	14142906	43304380	15318	92125	18236	13417	9312	11044	6689	8058	7952	9337	4805	13000	0	1	1	2	57	54	26	33	19
*	*	5p	+	3	12584711	8867196	9310387	12541959	43304253	14552	55742	14350	14390	7033	7598	5590	7619	6874	8771	5334	13497	21	10	19	17	142	102	98	86	4
*	*	5p	+	4	12780467	8813241	9147896	12561418	43303022	13483	46833	13436	13584	6738	6336	5634	6713	6005	7133	5052	14078	41	62	44	42	687	652	177	193	0
*	*	5p	+	5	12950004	8556062	9554959	12240107	43301132	12862	35307	13958	12005	5926	5828	5407	6167	5487	6194	4587	12672	554	399	137	138	1626	1362	313	327	0
*	*	5p	+	6	12609866	8837458	9119523	12734026	43300873	11636	30308	12756	12211	5782	5570	4482	5308	5048	5367	4542	11313	757	808	209	211	1471	1694	388	357	0
*	*	5p	+	7	12533511	8891055	9229523	12646207	43300296	11053	23815	12559	11794	5322	4943	4306	4705	4989	5361	4024	9756	1128	1060	249	255	1942	1823	370	370	0
*	*	5p	+	8	11858461	9381432	8529769	13531026	43300688	10420	24635	11079	12154	5137	4646	4167	4460	4367	4561	4606	10495	996	1184	332	295	1537	1845	396	345	0
*	*	5p	+	9	11679647	9250044	8979217	13391477	43300385	10261	23281	11219	11659	5184	4226	4611	4407	4508	4061	4729	10734	1299	1239	338	333	1952	1738	394	337	0
*	*	5p	+	10	12080506	9399616	9279610	12540597	43300329	10413	20258	12038	11185	4985	4234	4680	4713	4145	3675	4584	9785	1464	1216	394	373	2083	1606	385	409	0
*	*	5p	+	11	12287223	9211657	9337016	12464484	43300380	9964	18175	11718	11732	5077	4468	4165	4281	4562	4111	4075	9734	1384	1284	388	394	1863	1726	441	374	0
*	*	5p	+	12	12306196	9378908	9315215	12300064	43300383	10272	17014	12135	11456	4885	4193	4532	4055	4843	4129	4141	9484	1394	1359	397	431	1816	1785	390	438	0
*	*	5p	+	13	12310679	9310479	9274796	12404361	43300315	10155	17227	11113	11265	4686	3815	4299	4109	4482	4268	4289	9610	1424	1427	408	463	1815	1869	404	408	0
*	*	5p	+	14	12144171	9462447	9353138	12340625	43300381	10259	16893	10900	11502	4508	4044	4549	4431	4318	4033	4434	10408	1371	1413	440	501	1758	1878	414	381	0
*	*	5p	+	15	12281262	9526429	9277579	12214799	43300069	10324	17096	11491	11011	4746	4109	4362	4420	4053	3598	4332	10141	1545	1550	480	460	1991	1919	417	414	0
*	*	5p	+	16	12292982	9422301	9329525	12255276	43300084	10347	16139	11911	11336	4418	4235	4328	4127	4535	4125	4304	9624	1525	1537	453	503	1874	1996	386	429	0
*	*	5p	+	17	12244655	9369081	9379981	12306381	43300098	10618	15836	11679	11576	4290	4214	4246	3931	4543	4220	3980	9826	1515	1547	464	446	1912	1981	401	409	0
*	*	5p	+	18	12059246	9512563	9444192	12284115	43300116	11155	16174	10998	11578	4110	3701	4350	4020	4248	4217	4311	9820	1492	1540	490	481	1845	2021	416	401	0
*	*	5p	+	19	12149296	9442540	9551288	12156717	43299841	11465	15977	11122	11224	4138	3629	4586	4210	4325	3854	4193	9819	1671	1738	464	491	2051	2053	420	426	0
*	*	5p	+	20	12184856	9459220	9592989	12062834	43299899	12332	16263	11474	11113	4144	3829	4513	4421	4161	3570	4321	9783	1585	1736	462	490	2045	2079	385	411	0
*	*	5p	+	21	12219443	9387562	9521430	12171528	43299963	12689	15646	11177	11259	4441	4203	4021	4042	3941	3984	4114	9534	1473	1745	483	469	1861	2187	386	415	0
*	*	5p	+	22	12295163	9307598	9411623	12285398	43299782	13720	15418	11198	11465	4174	4113	3844	3934	4211	4180	4027	9416	1493	1680	414	437	1901	2293	395	441	0
*	*	5p	+	23	12139808	9337726	9405858	12416287	43299679	14001	15443	10500	11763	4015	3656	4094	4153	4065	4007	4063	9636	1521	1723	428	468	2106	2257	383	385	0
*	*	5p	+	24	12118926	9443890	9472783	12264270	43299869	14427	15452	10568	11498	3928	3635	4143	4286	4092	3795	4335	9439	1434	1642	499	498	1969	2197	372	402	0
*	*	5p	+	25	12286827	9468532	9283136	12260910	43299405	14942	15591	11249	11326	4305	3920	4333	4600	4028	3555	4281	9524	1458	1692	474	464	1890	2195	378	396	0
*	*	5p	+	26	12294998	9380562	9269130	12355462	43300152	15154	14956	11280	12036	4367	4228	3893	4498	4272	3980	4203	8953	1410	1667	526	482	1736	2144	369	406	0
*	*	5p	+	27	12303186	9284388	9323176	12389470	43300220	15969	14040	11274	11707	4410	3961	3915	4403	4435	4098	4022	9033	1507	1637	506	502	1776	2085	372	353	0
*	*	5p	+	28	12275631	9329381	9314711	12380376	43300099	16413	14148	10782	12051	4092	3679	4066	4646	4394	4324	4267	9031	1435	1515	504	472	1945	2044	351	365	0
*	*	5p	+	29	12338002	9362680	9303740	12295901	43300323	17440	14348	10928	12036	4279	3621	4431	5005	4370	4022	4320	8982	1384	1520	504	522	1811	1945	348	365	0
*	*	5p	+	30	12327964	9406814	9336865	12228827	43300470	18604	14024	11117	12047	4178	4042	4369	5333	4142	3840	4481	8968	1288	1442	522	490	1680	1875	370	408	0
*	*	5p	+	31	12279794	9291921	9196369	12342019	43110103	19020	13589	10954	12512	4237	4262	3955	4963	4250	4181	4018	8688	1308	1417	518	478	1760	1859	379	375	0
*	*	5p	+	32	12244338	9236305	9090342	12289998	42860983	20058	12987	11180	12857	4189	4170	4077	5021	4481	4415	3987	8611	1250	1328	511	456	1639	1843	344	351	0
*	*	5p	+	33	12110755	9117400	9032308	12284318	42544781	20643	12923	10726	13154	4074	3820	4178	5335	4676	4703	4234	8594	1239	1244	585	471	1524	1669	332	355	0
*	*	5p	+	34	12029536	9012742	8941461	12161609	42145348	21780	13218	10571	12638	4127	3815	4455	5442	4618	4467	4202	8539	1177	1247	483	454	1508	1556	328	363	0
*	*	5p	+	35	12141851	8841647	8814204	11851816	41649518	22338	12816	11210	12671	4294	4133	4697	5457	4699	4120	4428	8443	1193	1168	526	453	1569	1527	355	372	0
*	*	5p	+	36	11956967	8662893	8658496	11767546	41045902	22757	12585	10902	13533	4274	4344	4072	5422	4515	4669	4194	8110	1033	1095	523	414	1424	1503	329	387	0
*	*	5p	+	37	11820764	8374768	8458551	11671336	40325419	23519	11771	11344	13467	4206	4393	3941	5331	4770	4813	3822	7821	1040	1049	500	442	1340	1415	312	360	0
*	*	5p	+	38	11547162	8166787	8254963	11519528	39488440	23641	12096	10384	13815	3914	4010	4241	5673	4732	4863	4076	7855	924	1068	477	414	1269	1324	345	362	0
*	*	5p	+	39	11225482	8097946	8036241	11173528	38533197	24307	11849	10048	13334	4164	4124	4282	5890	4481	4757	4143	7678	900	994	509	429	1235	1254	306	324	0
*	*	5p	+	40	10965175	7819584	7853719	10837646	37476124	24379	11652	10272	13071	4090	4257	4198	6241	4280	4521	4129	7629	934	964	488	391	1195	1165	305	335	0
*	*	5p	+	41	10719020	7508262	7445921	10653225	36326428	24402	10959	10225	13305	4134	4632	3686	5794	4377	4900	3812	6996	903	933	448	386	1190	1087	284	305	0
*	*	5p	+	42	10378975	7197740	7177062	10343573	35097350	24749	10722	10121	13241	3890	4610	3577	5512	4352	4992	3677	7014	842	883	437	377	1109	1021	269	305	0
*	*	5p	+	43	9920284	6874354	6918827	10072175	33785640	24289	10490	9285	12996	3705	4148	3703	5786	4389	5053	3706	6699	767	836	394	328	1072	1018	245	254	0
*	*	5p	+	44	9540255	6617750	6652730	9587926	32398661	24288	10355	9354	12472	3779	4023	3969	5957	4458	4760	3611	6696	658	764	399	357	884	927	235	249	0
*	*	5p	+	45	9234214	6294802	6294592	9138404	30962012	23984	9947	9044	11873	3609	4167	3813	5848	3949	4431	3644	6359	676	697	383	322	880	862	201	258	0
*	*	5p	+	46	8850946	5909534	5961513	8763242	29485235	23294	9576	8779	12083	3599	4195	3139	5386	3841	4690	3190	5898	628	612	368	319	752	795	186	208	0
*	*	5p	+	47	8369166	5558582	5670401	8371199	27969348	23300	8828	8401	11542	3339	4141	2940	5067	3930	4555	3081	5746	489	678	342	285	660	702	180	225	0
*	*	5p	+	48	7875787	5252388	5398328	7895688	26422191	22493	8443	7809	11371	3054	3605	3066	5102	3683	4683	3176	5593	480	573	299	265	662	623	171	235	0
*	*	5p	+	49	7408786	5025270	5069182	7358228	24861466	21766	8229	7312	10494	2954	3460	3098	5073	3543	4186	2884	5286	442	462	300	235	660	544	166	200	0
*	*	5p	+	50	6995325	4714711	4736270	6868054	23314360	20961	7966	7332	9881	2969	3574	3053	4902	3116	3859	2820	4997	429	454	260	235	542	543	173	174	0
*	*	5p	+	51	6592372	4329358	4381684	6499473	21802887	19992	7247	6908	9329	2904	3684	2574	4422	3095	3891	2538	4533	409	453	267	209	530	483	152	161	0
*	*	5p	+	52	6130557	3989618	4128409	6083577	20332161	19117	6721	6539	9166	2470	3264	2409	4255	3020	3830	2367	4342	364	428	238	182	526	412	142	167	0
*	*	5p	+	53	5667471	3730225	3828412	5684638	18910746	17917	6384	6083	8461	2310	2981	2379	3997	2887	3714	2324	4173	370	385	237	172	480	428	139	152	0
*	*	5p	+	54	5276798	3468644	3542811	5262008	17550261	17010	6148	5459	7930	2187	2792	2296	3845	2603	3347	2204	3884	340	373	211	171	463	466	140	115	0
*	*	5p	+	55	4935961	3194233	3287296	4832221	16249711	16539	5782	5359	7163	2190	2773	2172	3752	2521	3052	2073	3604	298	381	205	153	400	365	119	132	0
*	*	5p	+	56	4542814	2947949	3020365	4495068	15006196	15262	5123	5023	7066	1932	2665	1944	3303	2216	2999	1880	3273	269	309	180	162	352	348	97	138	0
*	*	5p	+	57	4222583	2684535	2753459	4166412	13826989	14407	4917	4751	6383	1802	2568	1735	3052	2152	2968	1724	2965	266	274	161	122	330	328	105	94	0
*	*	5p	+	58	3837405	2483176	2553979	3834949	12709509	13526	4533	4261	6035	1661	2151	1739	2943	2058	2729	1709	2763	231	258	157	133	355	277	105	113	0
*	*	5p	+	59	3528809	2287343	2345438	3495063	11656653	12521	4367	3908	5566	1591	2090	1699	2862	1875	2583	1547	2643	212	227	138	114	306	251	97	102	0
*	*	5p	+	60	3252583	2102917	2163884	3153768	10673152	11845	3952	3820	4956	1550	2047	1625	2784	1691	2212	1468	2477	176	194	115	102	261	226	86	83	0
*	*	5p	+	61	2990227	1903079	1957753	2911009	9762068	10967	3562	3559	4716	1409	1871	1340	2453	1572	2204	1382	2227	134	179	117	89	270	218	79	99	0
*	*	5p	+	62	2731692	1720293	1784299	2687695	8923979	10070	3240	3403	4467	1361	1799	1279	2264	1530	2185	1237	2092	145	173	96	90	256	204	40	81	0
*	*	5p	+	63	2465373	1586825	1624122	2473523	8149843	9178	3140	3002	4018	1218	1638	1195	2083	1446	2058	1094	1884	113	151	107	77	233	182	61	80	0
*	*	5p	+	64	2262094	1451502	1485045	2244172	7442813	8801	2909	2713	3664	1118	1484	1128	2027	1302	1914	1048	1794	138	154	100	64	198	193	58	65	0
*	*	5p	+	65	2085162	1319252	1362455	2026270	6793139	7922	2578	2556	3316	1036	1443	1048	1855	1153	1637	1012	1640	134	133	79	78	194	143	67	68	0
*	*	5p	+	66	1904805	1188596	1238180	1866780	6198361	7241	2396	2328	3082	921	1409	943	1560	1121	1681	873	1381	100	138	79	52	167	158	72	44	0
*	*	5p	+	67	1750764	1077551	1128868	1700620	5657803	6450	2174	2151	2803	857	1229	817	1495	1000	1494	847	1396	96	129	64	69	159	123	51	71	0
*	*	5p	+	68	1580575	988803	1033067	1557154	5159599	6079	2046	2009	2632	770	1057	791	1346	973	1314	797	1266	105	124	68	55	171	121	44	53	0
*	*	5p	+	69	1438969	907431	944420	1412914	4703734	5460	1806	1718	2355	666	958	719	1287	882	1223	711	1098	83	97	76	53	144	125	49	50	0
*	*	5p	+	70	1323214	828033	860311	1278106	4289664	4963	1766	1670	2046	705	899	676	1192	783	1099	633	1025	69	90	58	47	153	108	43	35	0
*	*	5p	-	1	13779502	11178308	5650731	12708127	43316668	19398	143195	11350	19667	10660	12804	4001	10258	5057	11181	8052	11315	0	0	0	0	0	0	0	0	6
*	*	5p	-	2	11954040	7386188	9849169	14127377	43316774	15210	92870	17887	13412	9201	11092	7076	8415	7708	9192	4725	12976	3	1	1	3	6	3	2	0	6
*	*	5p	-	3	12609510	8880412	9318501	12508460	43316883	14648	55774	14477	13908	7131	7554	5525	7527	6629	8835	5391	13487	4	4	5	1	14	6	8	8	4
*	*	5p	-	4	12812913	8822809	9146437	12534683	43316842	13649	46285	13426	13517	6757	6346	5728	6939	5699	6826	5083	13939	10	5	11	4	38	38	35	20	0
*	*	5p	-	5	12991780	8563591	9548547	12212145	43316063	12792	35357	13836	12380	5925	5960	5712	6268	5429	5996	4643	12453	99	58	81	64	252	246	210	219	0
*	*	5p	-	6	12648291	8843693	9120622	12703217	43315823	11602	30311	12457	12341	5881	5685	4597	5392	4798	5412	4534	11294	128	102	142	111	333	323	257	285	0
*	*	5p	-	7	12578139	8890096	9226995	12620529	43315759	11014	23812	12667	11800	5334	5140	4363	4746	4913	5154	4129	9313	179	188	174	157	409	337	274	246	0
*	*	5p	-	8	11882364	9392345	8536904	13504074	43315687	10519	24953	10927	12160	5089	4751	4304	4531	4299	4494	4648	10403	236	204	204	214	385	404	295	260	0
*	*	5p	-	9	11714270	9256924	8973745	13370663	43315602	10049	23295	11423	11536	5215	4431	4828	4509	4352	4002	4718	10389	288	253	232	238	380	450	320	278	0
*	*	5p	-	10	12116765	9411597	9268581	12518618	43315561	10273	20265	11860	10887	5184	4591	4898	4689	4325	3934	4593	9617	327	327	230	275	424	491	279	279	0
*	*	5p	-	11	12321438	9219928	9343459	12430692	43315517	10151	18365	12157	11272	5017	4605	4306	4230	4502	4157	4214	9524	392	386	272	288	443	515	283	240	0
*	*	5p	-	12	12342257	9376731	9314508	12281929	43315425	10022	17200	11896	11671	4862	4403	4605	4168	4846	4220	4152	9529	435	425	317	322	493	557	309	258	0
*	*	5p	-	13	12341657	9322386	9267377	12383827	43315247	9818	17212	11164	11532	4579	3884	4359	4230	4448	4441	4138	9598	492	498	305	322	557	644	286	303	0
*	*	5p	-	14	12179573	9471317	9352097	12312129	43315116	10209	16801	11057	11290	4643	3800	4557	4449	4201	3941	4293	10010	521	574	317	348	623	697	343	263	0
*	*	5p	-	15	12320447	9549683	9270295	12174429	43314854	10451	17024	11263	11104	4890	4147	4636	4604	4127	3819	4356	9749	636	618	349	353	741	819	326	300	0
*	*	5p	-	16	12334567	9429623	9326531	12223788	43314509	10279	16396	11698	11322	4550	4181	4553	4334	4504	4118	4128	9486	681	731	356	383	896	949	345	292	0
*	*	5p	-	17	12287194	9366182	9376682	12284247	43314305	10502	15925	11603	11661	4303	4221	4254	3885	4515	4189	3897	9685	757	783	340	373	1001	1042	350	343	0
*	*	5p	-	18	12089469	9517441	9441687	12265410	43314007	11048	15996	11031	11474	4033	3663	4375	4134	4268	4197	4366	9563	792	872	378	358	1222	1134	326	346	0
*	*	5p	-	19	12181085	9459274	9539021	12134498	43313878	11786	16146	11120	11247	4220	3776	4509	4156	4256	3852	3978	9927	969	917	384	402	1254	1232	307	351	0
*	*	5p	-	20	12219936	9471111	9590369	12032417	43313833	12145	16388	11170	11014	4439	3854	4649	4374	4093	3548	4387	9733	1039	1007	408	421	1265	1280	350	313	0
*	*	5p	-	21	12248451	9391420	9527107	12146589	43313567	12730	16013	11276	11453	4476	4232	4139	4240	4056	3848	4171	9432	1038	1003	400	415	1425	1354	363	332	0
*	*	5p	-	22	12333414	9307014	9410181	12262798	43313407	13506	15492	11236	11569	4341	4206	3834	3982	4013	4099	3873	9372	1190	1042	398	399	1454	1452	363	355	0
*	*	5p	-	23	12166879	9339847	9404751	12401851	43313328	13568	15332	10704	11803	3889	3730	4198	4167	4025	4064	3973	9362	1179	1080	442	409	1544	1493	336	338	0
*	*	5p	-	24	12144691	9459445	9476638	12232396	43313170	14562	15232	10391	11438	4006	3567	4411	4548	4155	3870	4205	9441	1297	1166	374	448	1628	1529	359	348	0
*	*	5p	-	25	12317609	9484955	9280850	12229104	43312518	14705	15667	10789	11339	4327	3975	4503	4646	3897	3601	4179	9229	1277	1153	426	444	1657	1572	398	344	0
*	*	5p	-	26	12323584	9382747	9274441	12332077	43312849	15372	14981	11188	11837	4300	4173	4003	4642	4328	3897	4099	8837	1422	1245	454	454	1820	1619	400	351	0
*	*	5p	-	27	12332520	9280270	9327289	12372650	43312729	15858	14141	10917	11918	4392	4093	3976	4335	4389	4112	3959	9046	1363	1313	455	476	1827	1714	383	382	0
*	*	5p	-	28	12307967	9333843	9309451	12361394	43312655	16213	14365	10772	12134	4101	3679	4184	4887	4330	4185	4299	8908	1396	1290	498	517	1846	1777	373	389	0
*	*	5p	-	29	12371806	9369489	9301519	12269771	43312585	17138	14165	10855	12338	4272	3844	4578	5144	4377	4010	4113	8755	1420	1424	516	490	1850	1813	363	405	0
*	*	5p	-	30	12356453	9421210	9338121	12196644	43312428	18493	13931	10999	12270	4361	4158	4346	5310	4213	3858	4287	9071	1480	1397	516	527	1897	1914	388	401	0
*	*	5p	-	31	12320080	9294898	9201935	12305327	43122240	19199	13651	10875	12592	4327	4317	4015	5174	4257	4207	3980	8657	1494	1455	556	503	1961	1905	362	382	0
*	*	5p	-	32	12269502	9240287	9090045	12272672	42872506	19761	13090	10965	13020	4274	4253	3941	5107	4457	4323	4048	8511	1568	1523	535	508	1867	1935	405	368	0
*	*	5p	-	33	12149636	9121509	9019276	12265356	42555777	20768	13043	10612	13437	4113	3742	4215	5296	4594	4561	4157	8684	1561	1533	559	561	1974	1979	414	388	0
*	*	5p	-	34	12061239	9023923	8933225	12137918	42156305	21502	13396	10447	12999	4112	3840	4540	5652	4565	4421	4116	8234	1563	1577	550	501	2011	1987	398	380	0
*	*	5p	-	35	12169881	8861086	8807545	11821281	41659793	22433	13109	11274	13025	4456	4221	4733	5786	4650	4085	4244	8308	1622	1614	558	534	2072	2103	402	398	0
*	*	5p	-	36	11981044	8673180	8665876	11734075	41054175	22665	12622	10913	13433	4283	4348	4004	5540	4592	4547	4060	7943	1551	1559	530	525	2046	2088	367	431	0
*	*	5p	-	37	11850245	8375375	8456950	11651203	40333773	23285	11976	11129	13475	4195	4491	4017	5339	4660	4519	3854	7650	1647	1700	555	491	2084	2176	429	410	0
*	*	5p	-	38	11577106	8169257	8246961	11502938	39496262	23632	11881	10304	13483	3967	3892	4193	5719	4677	4855	4186	7605	1557	1608	546	524	2097	2085	384	385	0
*	*	5p	-	39	11256418	8106697	8035106	11144667	38542888	24155	11835	10212	13427	4156	4032	4359	6036	4488	4730	3935	7485	1505	1664	564	516	2040	2092	389	385	0
*	*	5p	-	40	10996993	7827317	7847550	10813540	37485400	24865	11620	10164	13000	4125	4319	4331	6099	4293	4431	3952	7625	1478	1655	525	470	2022	2114	362	353	0
*	*	5p	-	41	10752580	7509602	7448939	10623295	36334416	24009	11357	10271	13116	4234	4702	3908	5782	4213	4984	3789	6945	1424	1607	508	482	1841	2027	352	371	0
*	*	5p	-	42	10405241	7198229	7175612	10324201	35103283	24186	10767	10012	13158	4067	4551	3663	5800	4367	4981	3491	6871	1446	1510	503	435	1812	1951	338	392	0
*	*	5p	-	43	9950251	6875369	6919095	10045707	33790422	24326	10468	9359	13149	3643	4102	3748	5719	4472	5069	3654	6709	1335	1375	500	445	1760	1918	353	330	0
*	*	5p	-	44	9569884	6624105	6650035	9558805	32402829	24698	10556	9411	12446	3940	4159	4049	5992	4467	4818	3589	6581	1215	1388	473	406	1667	1810	341	318	0
*	*	5p	-	45	9262213	6307297	6293801	9102420	30965731	23944	10346	9058	11967	3689	4233	3707	5863	3918	4406	3472	6295	1195	1341	460	379	1597	1747	290	298	0
*	*	5p	-	46	8879728	5914414	5959568	8735569	29489279	23384	9405	8659	11807	3587	4289	3226	5588	3827	4527	3237	5787	1159	1224	416	340	1549	1702	303	308	0
*	*	5p	-	47	8394477	5556947	5675404	8345786	27972614	22990	8903	8401	11674	3326	4201	3007	5068	3750	4530	2951	5585	1057	1169	422	352	1551	1632	262	267	0
*	*	5p	-	48	7900250	5248296	5396604	7881371	26426521	22551	8496	7745	11221	3081	3660	3038	5289	3721	4454	3021	5486	1037	1203	389	323	1499	1571	269	294	0
*	*	5p	-	49	7437225	5028139	5070054	7333420	24868838	21707	8342	7161	10263	3020	3523	3123	5049	3375	4110	2887	5184	973	1081	416	302	1385	1433	215	251	0
*	*	5p	-	50	7024162	4720122	4735332	6842113	23321729	21017	8021	7247	9786	2918	3533	3001	4973	3100	3791	2923	5086	904	982	355	298	1197	1383	248	277	0
*	*	5p	-	51	6617820	4330933	4383463	6478009	21810225	19818	7258	6915	9138	2847	3454	2594	4653	3073	3917	2479	4584	791	997	345	249	1214	1252	205	192	0
*	*	5p	-	52	6147204	3987278	4131291	6075442	20341215	19121	6705	6423	8919	2522	3340	2352	3992	3042	3710	2281	4262	788	891	319	229	1066	1179	199	210	0
*	*	5p	-	53	5690446	3726975	3831300	5669651	18918372	17712	6321	6077	8464	2451	3123	2353	3984	3014	3575	2284	4172	704	879	279	219	1063	1104	169	206	0
*	*	5p	-	54	5293770	3469307	3541932	5251308	17556317	17272	6232	5625	7984	2209	2785	2214	3918	2599	3295	2117	3786	682	737	289	190	961	968	169	205	0
*	*	5p	-	55	4954242	3201480	3286740	4812585	16255047	16410	5748	5341	7314	2217	2817	2257	3792	2280	2932	2109	3487	577	693	247	202	932	940	157	152	0
*	*	5p	-	56	4566605	2945820	3021943	4476905	15011273	15472	5378	4988	6834	2010	2779	1949	3474	2256	3049	1817	3192	563	679	215	195	797	833	171	191	0
*	*	5p	-	57	4238170	2683460	2760018	4150533	13832181	14229	4766	4755	6569	1826	2591	1714	3104	2170	2945	1642	2899	516	595	193	168	822	790	143	151	0
*	*	5p	-	58	3852092	2482083	2553850	3824763	12712788	13667	4554	4334	6032	1702	2132	1654	3109	2147	2747	1614	2735	472	540	202	193	672	729	167	140	0
*	*	5p	-	59	3546242	2288694	2349023	3476098	11660057	12768	4431	3819	5493	1613	2042	1695	2920	1930	2422	1547	2577	430	509	198	145	654	649	116	149	0
*	*	5p	-	60	3271270	2104443	2163695	3137070	10676478	11562	4058	3837	4946	1584	1963	1670	2727	1624	2278	1418	2432	400	445	172	116	560	590	132	115	0
*	*	5p	-	61	3006700	1902857	1956996	2899039	9765592	10920	3594	3578	4570	1427	1995	1295	2510	1547	2146	1252	2147	298	398	150	126	560	541	106	97	0
*	*	5p	-	62	2737229	1719546	1787886	2681890	8926551	10062	3190	3270	4313	1231	1891	1204	2127	1462	2252	1202	2102	338	380	176	92	511	480	92	118	0
*	*	5p	-	63	2480007	1584937	1624404	2462880	8152228	9321	3179	3011	4154	1174	1616	1301	2097	1395	2046	1192	1850	280	354	118	119	458	454	86	108	0
*	*	5p	-	64	2276368	1452313	1482113	2233693	7444487	8396	2973	2810	3771	1138	1548	1172	2051	1295	1882	1105	1774	309	316	108	89	454	424	85	79	0
*	*	5p	-	65	2096906	1321174	1363479	2013406	6794965	8040	2748	2601	3283	1099	1491	1073	1918	1163	1601	1030	1689	243	306	107	102	406	384	66	97	0
*	*	5p	-	66	1914319	1186477	1240521	1858639	6199956	7263	2484	2376	3046	958	1431	890	1627	1127	1641	893	1450	259	279	118	71	371	332	78	113	0
*	*	5p	-	67	1761409	1075410	1130130	1689624	5656573	6410	2185	2239	2769	920	1247	831	1492	1041	1449	781	1318	201	243	101	57	326	359	61	95	0
*	*	5p	-	68	1587115	984551	1034513	1552293	5158472	6039	2052	1997	2568	800	1052	831	1398	978	1309	759	1263	196	218	74	78	298	327	57	85	0
*	*	5p	-	69	1446110	906375	945826	1404603	4702914	5471	1899	1742	2276	754	1059	856	1371	807	1171	750	1132	195	202	76	57	297	268	55	50	0
*	*	5p	-	70	1329053	828463	860328	1270763	4288607	5116	1662	1666	2047	747	928	740	1201	754	1089	686	1080	166	178	69	65	243	247	43	63	0
