Sample	Library	End	Std	Pos	A	C	G	T	Total	G>A	C>T	A>G	T>C	A>C	A>T	C>G	C>A	T>G	T>A	G>C	G>T	A>-	T>-	C>-	G>-	->A	->T	->C	->G	S
*	*	3p	+	1	7400650	3317349	6777647	9570091	27065737	71983	13966	9469	28952	3865	9045	4929	6579	6672	8582	2300	7351	0	0	0	0	0	0	0	0	20
*	*	3p	+	2	8752146	6568529	4243658	7551305	27115638	51809	9999	6523	22234	6122	7048	2907	7925	4548	8626	4244	5324	3	11	6	7	9	7	9	8	20
*	*	3p	+	3	7715738	6154240	5189798	8060172	27119948	33365	10207	6926	19593	5203	6949	3345	8113	4081	6096	3459	5256	24	17	13	11	15	35	15	16	17
*	*	3p	+	4	7756510	6054541	5197203	8100339	27108593	28910	9906	6622	16341	4619	5877	3363	8940	3705	5905	3774	5022	24	24	14	17	54	53	43	34	5
*	*	3p	+	5	7571609	6242431	5083348	8223176	27120564	22508	9299	5787	16439	4409	5183	3011	6801	3448	5370	3996	5429	21	20	20	15	122	113	70	92	0
*	*	3p	+	6	8010460	5945106	5479512	8034735	27469813	25319	8533	8611	14587	3973	4587	3853	5981	3875	5658	3760	6007	41	32	40	50	432	371	288	320	0
*	*	3p	+	7	7955132	6010309	5490274	8013633	27469348	19697	9405	8067	13940	3863	4476	3253	4605	3516	4992	3297	5597	178	201	199	171	568	540	415	381	0
*	*	3p	+	8	8642987	5497367	5865936	7462800	27469090	20670	9009	8667	11167	3199	3768	3832	4776	3427	4496	3053	5281	248	268	263	261	759	536	426	451	0
*	*	3p	+	9	8479328	5822273	5807139	7360479	27469219	19580	8108	7997	10985	3265	3260	3657	4477	3225	3939	3553	5065	293	355	355	306	679	550	416	408	0
*	*	3p	+	10	7886640	6023844	5892263	7666852	27469599	16995	8202	7573	10943	2843	2838	3563	4047	3283	3793	3707	5286	329	355	356	303	608	527	299	356	0
*	*	3p	+	11	7777629	6144593	5722901	7824658	27469781	14569	8171	7801	10836	3018	3074	3231	3635	3169	4066	2912	4978	352	356	344	316	550	449	287	320	0
*	*	3p	+	12	7725600	6050881	5848434	7844934	27469849	13617	7973	8053	10121	2967	3224	2974	3506	3156	3749	2972	4922	349	368	341	273	510	437	238	248	0
*	*	3p	+	13	7831110	6015012	5810277	7813527	27469926	13529	7779	7975	9646	3063	3174	3038	3665	2861	3187	3005	4805	367	373	342	293	483	445	207	226	0
*	*	3p	+	14	7782182	6083359	5931988	7672406	27469935	13368	8335	7773	9237	3044	3062	3271	3532	2936	2955	3378	5096	404	411	302	296	552	504	206	193	0
*	*	3p	+	15	7658694	6027849	5985935	7797248	27469726	12837	8129	7511	9482	2819	2631	3301	3673	3159	3291	3439	5124	445	465	375	299	626	579	226	233	0
*	*	3p	+	16	7687339	6062437	5915111	7804560	27469447	12186	8158	7665	9582	2754	2876	3004	3416	3123	3314	3129	4755	500	518	369	321	727	663	199	232	0
*	*	3p	+	17	7731856	6055474	5886907	7795198	27469435	11609	8193	7839	9690	2948	3216	2987	3315	3068	3469	2702	4793	558	609	355	268	755	763	243	193	0
*	*	3p	+	18	7758700	6082694	5997733	7629983	27469110	11558	8365	7963	8984	2989	2971	2968	3466	2868	2966	2987	5023	567	657	354	290	884	841	237	223	0
*	*	3p	+	19	7670199	6177787	5943516	7677433	27468935	11283	8812	7589	8717	2972	2806	3020	3383	2870	2917	3268	5170	605	647	405	286	954	1032	246	219	0
*	*	3p	+	20	7559602	6211273	5976389	7721470	27468734	11264	9203	7480	8835	2796	2645	3161	3454	2957	3157	3356	5486	589	692	362	311	1078	1099	250	217	0
*	*	3p	+	21	7627078	6157231	5931321	7753039	27468669	10593	9623	7699	8868	2706	2887	3068	3075	3059	3222	2733	5220	663	695	329	279	1112	1128	233	253	0
*	*	3p	+	22	7706809	6064306	5884523	7812883	27468521	10324	9879	7696	8842	2999	3055	3109	3184	3020	3306	2811	5039	629	704	317	313	1127	1252	256	238	0
*	*	3p	+	23	7818525	6054166	5920445	7675302	27468438	10291	10115	7864	8285	3086	2948	3045	3345	2864	2863	2869	5162	711	803	344	289	1150	1347	236	221	0
*	*	3p	+	24	7690038	6093996	6028580	7655652	27468266	10263	10607	7669	8173	2911	2863	3134	3443	2821	2779	3165	5234	719	773	381	286	1240	1391	252	234	0
*	*	3p	+	25	7676468	5930989	6072935	7787787	27468179	10201	11181	7536	8288	2802	2667	2997	3130	2897	2865	3176	5657	728	832	339	304	1244	1463	230	260	0
*	*	3p	+	26	7712898	5941462	5986819	7823915	27465094	9654	11743	7550	8363	2818	2946	3148	3160	2980	3342	2901	5530	760	812	310	283	1267	1431	278	245	0
*	*	3p	+	27	7716013	5944635	5946085	7854656	27461389	9186	12023	7651	8149	2821	3106	2874	3115	2996	3203	2854	5431	760	869	328	291	1391	1443	251	228	0
*	*	3p	+	28	7752416	5936191	5943612	7825015	27457234	8954	12264	7862	7897	2949	3144	3101	3214	2848	2856	2857	5434	828	858	339	310	1305	1458	255	232	0
*	*	3p	+	29	7708404	5899783	5991796	7851723	27451706	9129	12917	7594	7819	2927	2936	3105	3245	3015	2882	3133	5654	853	894	368	313	1313	1514	277	223	0
*	*	3p	+	30	7667320	5927403	6037810	7812337	27444870	8827	13877	7357	7907	2626	2686	3093	3446	2919	3069	3075	5927	829	893	329	336	1332	1493	239	242	0
*	*	3p	+	31	7729022	5797575	5924963	7806547	27258107	8645	14468	7738	8044	2857	2975	3016	3243	2997	3441	2992	5615	863	961	312	281	1428	1518	253	265	0
*	*	3p	+	32	7644521	5703796	5877652	7792203	27018172	8150	14713	7776	7768	2854	2918	2816	3109	2987	3225	2847	5282	866	1019	315	314	1368	1494	231	271	0
*	*	3p	+	33	7678358	5606395	5761488	7675607	26721848	7975	14786	8033	7200	3025	3202	3006	3149	2767	2932	2918	5652	885	898	311	335	1417	1510	210	287	0
*	*	3p	+	34	7575235	5530792	5686745	7564720	26357492	8308	15660	7663	7163	2878	3009	2905	3078	2851	2828	3097	5592	908	845	287	249	1440	1443	247	246	0
*	*	3p	+	35	7318805	5423174	5575063	7596024	25913066	8266	16255	7260	7434	2690	2807	2976	3098	2886	3138	3049	5791	878	911	335	281	1427	1492	230	270	0
*	*	3p	+	36	7219517	5290091	5408693	7472298	25390599	7860	16135	7332	7218	2866	2907	2733	3010	2879	3346	2727	5474	836	865	339	269	1406	1453	235	242	0
*	*	3p	+	37	7148543	5119776	5160080	7351099	24779498	7230	16412	7481	7412	2834	3034	2643	2972	2985	3321	2488	5219	872	897	289	266	1389	1444	234	250	0
*	*	3p	+	38	7053192	4937772	5000480	7101544	24092988	7137	16336	7388	6609	2755	3176	2792	3155	2742	2925	2606	5196	865	833	279	232	1378	1398	206	208	0
*	*	3p	+	39	6779002	4757365	4933210	6864656	23334233	7316	15773	6968	6279	2787	2992	2632	3044	2692	2913	2812	5266	829	790	262	222	1351	1295	232	198	0
*	*	3p	+	40	6502217	4627699	4740905	6640462	22511283	7272	16695	6849	6127	2511	2712	2537	2923	2666	3064	2768	5647	728	760	260	253	1272	1305	212	215	0
*	*	3p	+	41	6319216	4348490	4492945	6482813	21643464	6821	16027	6959	6371	2525	2860	2456	2862	2882	3338	2244	5050	706	799	232	208	1312	1197	208	199	0
*	*	3p	+	42	6102547	4148180	4263456	6223147	20737330	6439	15489	6533	6001	2568	2934	2387	2721	2676	3211	2182	4695	612	766	243	243	1166	1169	183	203	0
*	*	3p	+	43	5938079	3960788	4019058	5873669	19791594	6219	14970	6594	5702	2470	3077	2308	2652	2477	2944	2212	4586	666	696	231	222	1091	1188	187	191	0
*	*	3p	+	44	5584879	3777353	3864421	5591457	18818110	6355	14794	5827	5294	2336	2773	2257	2543	2596	2773	2372	4609	604	622	214	211	1057	1105	171	200	0
*	*	3p	+	45	5261127	3549527	3654728	5369106	17834488	6110	14512	5472	5308	2183	2509	2161	2552	2531	2784	2195	4645	587	586	195	205	987	1070	152	161	0
*	*	3p	+	46	5003653	3317328	3391872	5135201	16848054	5511	14172	5354	4963	2153	2661	2116	2530	2447	2910	1964	4181	507	573	168	183	990	1005	142	162	0
*	*	3p	+	47	4768249	3128443	3154630	4809858	15861180	5024	13301	5150	4765	2140	2622	1826	2354	2267	2909	1778	3852	484	502	165	143	913	920	150	137	0
*	*	3p	+	48	4500538	2954419	2969533	4447759	14872249	4869	12955	5209	4435	2013	2643	1878	2346	1949	2390	1652	3594	440	512	174	149	879	862	125	142	0
*	*	3p	+	49	4134664	2751440	2833992	4179305	13899401	4773	11922	4646	3968	1883	2430	1679	2055	1915	2347	1807	3697	404	455	126	127	787	840	105	131	0
*	*	3p	+	50	3820520	2557121	2642666	3932070	12952377	4522	12116	4364	4096	1770	2032	1753	2182	1840	2349	1707	3505	406	389	144	154	718	736	116	112	0
*	*	3p	+	51	3606963	2353883	2390423	3690039	12041308	4190	11087	4151	3728	1732	2106	1464	1933	1794	2223	1304	3103	360	375	142	122	680	658	105	105	0
*	*	3p	+	52	3353300	2218222	2191767	3404452	11167741	3672	10383	3826	3465	1684	2078	1421	1812	1625	2124	1280	2745	317	319	106	102	606	642	80	95	0
*	*	3p	+	53	3134417	2037942	2030148	3132342	10334849	3396	9832	3711	3217	1465	1935	1351	1675	1545	2002	1185	2605	289	271	106	77	548	586	92	76	0
*	*	3p	+	54	2895079	1874625	1890304	2889409	9549417	3413	9099	3320	2926	1366	1835	1339	1549	1420	1785	1344	2563	256	238	99	79	487	527	75	58	0
*	*	3p	+	55	2625519	1736677	1742366	2701408	8805970	3131	8713	3079	2809	1224	1548	1215	1518	1389	1867	1242	2455	215	228	75	76	432	497	57	60	0
*	*	3p	+	56	2443269	1583118	1602961	2476063	8105411	2841	7955	3030	2661	1235	1564	1128	1448	1286	1593	1046	2324	174	220	81	75	359	422	48	61	0
*	*	3p	+	57	2251092	1446134	1448666	2302467	7448359	2454	7424	2794	2444	1210	1411	983	1266	1112	1588	879	1930	175	183	80	73	350	350	51	47	0
*	*	3p	+	58	2077894	1334825	1333304	2085718	6831741	2338	6870	2618	2197	1074	1440	894	1191	937	1360	896	1886	182	162	52	53	272	303	45	31	0
*	*	3p	+	59	1882711	1224375	1234168	1910548	6251802	2265	6594	2305	2031	979	1207	844	1150	900	1156	874	1763	115	171	51	39	270	273	32	34	0
*	*	3p	+	60	1690687	1131112	1135395	1757183	5714377	2070	6127	2016	1982	846	1049	825	1023	953	1221	850	1580	121	122	33	38	232	237	36	20	0
*	*	3p	+	61	1560014	1023316	1021077	1615087	5219494	1843	5589	1836	1823	820	1074	734	858	862	1096	691	1445	123	126	42	31	188	253	28	19	0
*	*	3p	+	62	1446246	926652	923460	1469497	4765855	1779	5046	1824	1659	748	999	713	883	728	965	638	1260	98	102	45	30	182	215	22	14	0
*	*	3p	+	63	1329925	844641	846805	1328889	4350260	1644	4715	1734	1469	730	908	614	712	669	861	596	1121	96	119	29	39	182	188	24	26	0
*	*	3p	+	64	1204642	772279	776905	1215130	3968956	1488	4117	1549	1331	618	776	626	679	666	819	573	1150	69	87	28	29	147	155	19	19	0
*	*	3p	+	65	1080026	711577	708314	1120771	3620688	1360	3970	1275	1320	564	704	580	734	582	815	544	1059	82	70	16	20	148	165	17	15	0
*	*	3p	+	66	996045	647997	637120	1021910	3303072	1270	3620	1244	1199	489	713	422	592	600	738	441	936	62	64	17	16	145	131	21	11	0
*	*	3p	+	67	907292	586554	577665	941390	3012901	1155	3125	1141	1121	447	640	433	514	476	671	405	794	66	60	12	15	120	134	12	16	0
*	*	3p	+	68	834318	538719	527570	846359	2746966	983	2801	1107	960	436	593	408	411	441	551	379	788	42	62	21	11	114	113	10	17	0
*	*	3p	+	69	756840	492377	484794	770037	2504048	991	2652	1001	876	376	544	345	485	377	521	389	737	53	49	18	16	94	115	21	15	0
*	*	3p	+	70	679735	451450	444385	706454	2282024	928	2523	971	829	349	417	314	413	394	463	349	715	48	48	12	19	92	94	9	15	0
*	*	3p	-	1	7435769	3295563	6815805	9536375	27083512	72232	13524	9579	29035	3893	9428	4806	6723	6725	8546	2385	7116	0	0	0	0	0	0	0	0	64
*	*	3p	-	2	8814240	6550939	4253568	7513089	27131836	50607	9973	6671	22114	5978	6895	2719	8206	4609	8592	4174	5054	8	8	5	8	85	61	48	34	60
*	*	3p	-	3	7808913	6130756	5196801	8000340	27136810	32607	9981	7009	19101	5193	6963	3208	8472	3803	5984	3440	5053	36	23	27	18	140	236	116	103	34
*	*	3p	-	4	7802299	6029038	5243818	8050519	27125674	30224	9607	6757	16188	4659	5932	3407	8763	3666	5677	3832	4990	62	62	34	49	580	659	206	158	4
*	*	3p	-	5	7607450	6226615	5129488	8172137	27135690	23305	9181	6019	16312	4560	5108	3176	6832	3270	5252	3973	5421	244	301	105	102	1215	1279	303	312	0
*	*	3p	-	6	8042049	5927228	5508473	8005648	27483398	25620	8546	8733	14538	4125	4774	3764	6159	3918	5676	3719	5869	496	511	205	163	1704	1592	399	430	0
*	*	3p	-	7	8013085	5997184	5502985	7969453	27482707	19240	9559	8186	14042	4031	4526	3290	4656	3444	5105	3343	5447	775	901	351	246	1918	2021	472	434	0
*	*	3p	-	8	8713130	5469023	5885745	7415186	27483084	20684	8918	8832	11434	3394	4082	3672	4943	3271	4479	2877	5177	849	826	368	350	1910	1650	406	496	0
*	*	3p	-	9	8524685	5797954	5843082	7317411	27483132	19662	8161	8350	10818	3286	3509	3528	4608	3290	4126	3642	5002	921	969	495	398	1760	1801	394	470	0
*	*	3p	-	10	7921596	6003790	5938059	7620114	27483559	17101	8585	7758	10675	2961	3047	3609	4070	3236	3766	3563	5305	874	1084	520	378	1549	1781	402	407	0
*	*	3p	-	11	7822972	6120653	5754934	7785418	27483977	14699	8098	7803	10657	3024	3263	3292	4015	3019	3931	2883	4855	987	1067	462	346	1504	1578	322	317	0
*	*	3p	-	12	7775809	6035675	5857345	7815222	27484051	13640	8142	8028	10304	3011	3357	3078	3651	3107	3727	3000	4703	935	960	393	385	1499	1384	345	303	0
*	*	3p	-	13	7902135	5992010	5824510	7765461	27484116	13273	7676	7941	9624	3081	3355	3059	3453	2902	3298	3009	4636	946	966	434	323	1440	1465	263	286	0
*	*	3p	-	14	7830280	6058983	5969268	7625722	27484253	13224	8021	7997	9015	3035	2972	3233	3620	2904	2937	3196	5141	942	984	444	353	1434	1425	287	293	0
*	*	3p	-	15	7704436	6006167	6026168	7747462	27484233	12776	8158	7686	9237	2913	2736	3332	3675	3250	3165	3326	5121	953	963	411	359	1396	1481	269	310	0
*	*	3p	-	16	7726463	6045475	5944578	7767701	27484217	11973	7925	7620	9553	2814	2948	3156	3424	3034	3295	3044	5121	965	905	422	349	1421	1402	269	267	0
*	*	3p	-	17	7794762	6035640	5901366	7752538	27484306	11452	8050	7800	9410	2984	3086	2813	3316	3029	3380	2730	4845	922	970	400	331	1439	1409	303	235	0
*	*	3p	-	18	7822037	6056374	6025515	7580234	27484160	11741	8283	7914	8675	3039	3209	3092	3536	2874	3051	2808	4933	929	948	381	334	1473	1398	277	294	0
*	*	3p	-	19	7719544	6152603	5979720	7632156	27484023	11328	8751	7599	8784	2939	2925	3095	3293	2876	2958	3109	5105	967	998	407	339	1520	1556	302	292	0
*	*	3p	-	20	7601899	6185986	6017822	7678343	27484050	11460	9067	7633	8907	2921	2610	3342	3285	2935	3097	3353	5380	954	984	363	361	1566	1502	264	306	0
*	*	3p	-	21	7670178	6137524	5959520	7717001	27484223	10667	9495	7618	8725	2745	2908	3058	3119	2826	3391	2947	5171	972	909	396	340	1611	1350	272	239	0
*	*	3p	-	22	7756031	6046064	5905321	7776776	27484192	10326	9964	7665	8849	3042	3050	2878	3253	3014	3205	2858	5107	880	880	393	289	1561	1394	288	264	0
*	*	3p	-	23	7890219	6025980	5932921	7635121	27484241	10171	10275	7947	8351	2994	3019	3032	3335	2715	2953	2926	5210	898	832	339	307	1559	1378	262	252	0
*	*	3p	-	24	7738805	6070501	6068012	7607104	27484422	10197	10775	7642	8104	2978	2782	3025	3375	2866	2774	3191	5374	848	849	338	275	1453	1281	251	293	0
*	*	3p	-	25	7720038	5902443	6113517	7748509	27484507	10259	11024	7631	8121	2787	2696	3052	3181	2999	2989	3249	5749	811	775	325	301	1478	1242	222	247	0
*	*	3p	-	26	7752070	5918130	6023988	7787415	27481603	9865	11779	7764	8403	2809	2965	3254	3299	2876	3227	2815	5396	817	737	331	326	1344	1247	263	245	0
*	*	3p	-	27	7774434	5925295	5964549	7813488	27477766	8993	12291	7661	8231	2918	3038	2951	3345	2922	3260	2855	5374	840	866	313	325	1323	1335	249	272	0
*	*	3p	-	28	7815128	5915350	5962271	7780860	27473609	9138	12264	7810	7942	2966	3104	3129	3316	2925	2727	2863	5467	752	863	338	332	1267	1380	222	227	0
*	*	3p	-	29	7766532	5878900	6018457	7804659	27468548	9047	12978	7629	7782	2992	3005	3157	3197	2876	2834	3030	5530	786	797	309	334	1218	1232	240	231	0
*	*	3p	-	30	7704079	5903161	6083547	7770819	27461606	9055	14062	7549	7833	2717	2697	3261	3270	2790	2881	3044	6028	687	744	341	294	1119	1113	249	246	0
*	*	3p	-	31	7769902	5781540	5954600	7768938	27274980	8620	14454	7706	8161	2964	2985	3075	3280	2968	3294	2904	5580	681	740	308	268	1140	1156	195	236	0
*	*	3p	-	32	7696929	5688975	5892202	7758074	27036180	8078	15006	7589	7813	2891	3063	2938	3222	2983	3278	2731	5423	703	658	269	308	1058	1117	222	205	0
*	*	3p	-	33	7739469	5586082	5780843	7633639	26740033	8149	15054	7800	7414	3022	3236	2938	3176	2768	2861	2890	5712	674	616	260	268	970	982	194	198	0
*	*	3p	-	34	7630930	5503637	5721869	7518712	26375148	8465	15694	7605	7059	3141	3005	2839	3085	2721	2775	2977	5714	562	643	277	262	850	957	197	209	0
*	*	3p	-	35	7359200	5402820	5612716	7555022	25929758	8267	16527	7394	7334	2675	2873	2964	3045	2875	2951	3000	5890	590	576	270	279	863	892	186	196	0
*	*	3p	-	36	7258425	5265083	5444087	7440368	25407963	8083	16372	7463	7252	2768	2873	2769	3025	2874	3247	2757	5481	488	542	234	220	820	804	183	192	0
*	*	3p	-	37	7206052	5092115	5174112	7324206	24796485	7338	16476	7577	7140	2981	3272	2618	3026	3004	3288	2616	5107	487	475	241	210	804	761	174	190	0
*	*	3p	-	38	7106342	4920576	5021717	7061760	24110395	7382	16113	7429	6491	2892	3261	2746	3129	2754	2844	2573	5024	388	428	228	216	711	646	184	179	0
*	*	3p	-	39	6828373	4729750	4966887	6825923	23350933	7344	15913	7105	6182	2764	3072	2796	3003	2660	2808	2845	5313	437	441	213	192	641	676	140	166	0
*	*	3p	-	40	6533504	4603361	4789043	6602092	22528000	7183	16678	6894	6191	2590	2749	2745	2948	2696	2944	2723	5487	409	397	229	183	659	650	150	140	0
*	*	3p	-	41	6356630	4334102	4524079	6445468	21660279	6885	16243	6798	6072	2683	2985	2569	2696	2739	3188	2379	4954	360	371	185	149	565	605	142	152	0
*	*	3p	-	42	6155153	4127318	4271893	6198969	20753333	6245	15595	6681	6148	2522	3122	2431	2756	2761	3210	2236	4802	330	372	176	183	521	603	120	133	0
*	*	3p	-	43	5988074	3941224	4044265	5834410	19807973	6269	14817	6519	5614	2676	3105	2311	2691	2331	2981	2118	4563	317	325	158	154	489	488	134	135	0
*	*	3p	-	44	5633405	3749357	3900479	5550682	18833923	6318	14588	6018	5309	2375	2870	2313	2591	2443	2764	2373	4694	316	297	152	161	486	471	100	108	0
*	*	3p	-	45	5293290	3526527	3692195	5337699	17849711	6040	14624	5610	5202	2269	2595	2222	2617	2394	2835	2228	4572	233	282	171	102	437	385	118	118	0
*	*	3p	-	46	5041277	3296240	3414774	5111443	16863734	5506	14112	5448	5193	2213	2666	2038	2523	2377	2936	1911	4257	230	250	138	121	343	353	101	86	0
*	*	3p	-	47	4821020	3110671	3167708	4775978	15875377	5064	13379	5401	4754	2271	2704	1920	2476	2143	2735	1721	3835	226	192	123	107	331	305	108	93	0
*	*	3p	-	48	4543341	2932140	2991924	4417821	14885226	5031	12623	5220	4244	2160	2703	1969	2299	1881	2247	1834	3697	193	216	104	98	274	307	100	78	0
*	*	3p	-	49	4172844	2731151	2863527	4143204	13910726	4976	12069	4790	4067	1802	2401	1783	2084	1853	2303	1839	3689	180	179	119	95	281	269	76	84	0
*	*	3p	-	50	3847849	2536151	2678080	3900122	12962202	4744	12119	4421	3930	1822	2131	1726	2093	1952	2221	1711	3414	161	183	86	112	256	255	65	74	0
*	*	3p	-	51	3630358	2341047	2411233	3667219	12049857	4217	11255	4234	3774	1697	2197	1615	2080	1812	2250	1477	3221	141	158	86	76	233	241	74	66	0
*	*	3p	-	52	3391967	2200182	2202401	3379216	11173766	3713	10367	3866	3596	1682	2208	1400	1822	1495	2140	1426	2702	134	122	76	77	195	210	50	45	0
*	*	3p	-	53	3176546	2015932	2050428	3096144	10339050	3517	9699	3696	3155	1560	1952	1277	1740	1396	1826	1244	2606	121	133	58	69	192	210	43	51	0
*	*	3p	-	54	2923244	1855066	1916519	2857073	9551902	3473	9277	3497	3010	1447	1897	1299	1640	1440	1715	1330	2627	115	118	63	60	158	163	37	52	0
*	*	3p	-	55	2647088	1719724	1766135	2674347	8807294	3169	8968	3055	2703	1322	1641	1216	1539	1364	1840	1276	2454	103	113	46	62	134	137	39	49	0
*	*	3p	-	56	2462550	1572585	1615726	2455791	8106652	2943	8096	2986	2626	1179	1683	1079	1404	1245	1623	1074	2173	101	80	61	45	126	149	37	28	0
*	*	3p	-	57	2275421	1437399	1454108	2281905	7448833	2692	7479	2762	2420	1119	1519	1013	1301	1090	1521	939	1972	61	93	50	37	100	118	22	38	0
*	*	3p	-	58	2105552	1319902	1344322	2061228	6831004	2411	6802	2621	2128	1127	1491	948	1133	953	1258	940	1830	72	73	35	31	101	110	13	15	0
*	*	3p	-	59	1905109	1210427	1251759	1885376	6252671	2343	6438	2373	2026	962	1242	772	1093	839	1237	875	1771	56	58	39	39	92	97	27	16	0
*	*	3p	-	60	1708102	1115772	1155219	1734808	5713901	2113	6134	2095	1793	843	1122	829	1151	906	1076	884	1668	36	67	39	31	80	92	15	20	0
*	*	3p	-	61	1572055	1012621	1032997	1600418	5218091	1939	5699	1901	1827	828	1044	731	884	797	1099	711	1479	41	46	24	32	85	69	18	20	0
*	*	3p	-	62	1463930	917438	928336	1454118	4763822	1693	5025	1761	1569	768	1024	688	871	709	1036	581	1230	51	30	22	19	74	82	12	13	0
*	*	3p	-	63	1351822	833681	852692	1309521	4347716	1712	4509	1750	1414	772	961	599	802	665	819	564	1195	51	52	14	17	70	61	14	18	0
*	*	3p	-	64	1219442	764046	786293	1197253	3967034	1537	4196	1448	1303	739	844	615	672	601	733	552	1089	40	27	17	19	61	73	17	10	0
*	*	3p	-	65	1091940	702450	720483	1103151	3618024	1409	4125	1407	1235	574	734	549	689	569	780	565	941	22	43	16	12	68	65	6	11	0
*	*	3p	-	66	1007441	638696	645193	1009421	3300751	1263	3707	1277	1159	513	770	494	599	463	753	452	984	22	25	8	13	41	54	5	13	0
*	*	3p	-	67	921042	578633	581317	929161	3010153	1028	3230	1198	1095	489	632	370	491	410	656	402	760	23	38	12	8	42	34	6	12	0
*	*	3p	-	68	846724	531064	531762	834388	2743938	961	2828	1097	901	485	590	409	456	388	564	400	815	25	31	13	14	51	53	6	9	0
*	*	3p	-	69	765624	484804	491326	758877	2500631	1060	2632	935	842	412	530	391	415	412	540	328	767	22	16	13	26	38	35	9	10	0
*	*	3p	-	70	686411	444730	451225	695892	2278258	969	2462	866	797	323	436	395	432	402	467	345	666	20	24	16	10	35	54	7	8	0
*	*	5p	+	1	9455070	6804585	3336605	7471856	27068116	12702	68209	7562	9522	6223	7554	2116	6409	3589	8142	4276	6274	0	0	0	0	0	0	0	0	10
*	*	5p	+	2	7460360	4299830	6512384	8841174	27113748	9084	50155	12784	6521	5115	7437	3886	4838	5595	6212	2432	7537	0	2	1	1	17	35	16	23	10
*	*	5p	+	3	7970034	5229790	6128325	7792210	27120359	9191	31643	10092	6418	3692	5032	2954	4479	4674	6259	2720	7849	6	12	15	5	77	59	40	45	3
*	*	5p	+	4	8043556	5229196	6008059	7828039	27108850	8756	28078	9331	6353	3225	4488	3205	3875	4117	5097	2748	8079	33	38	29	29	489	466	81	126	0
*	*	5p	+	5	8151727	5120155	6209477	7639088	27120447	8533	21525	9542	5436	2891	4149	3344	3721	3897	4326	2494	7314	264	249	103	75	1054	985	174	200	0
*	*	5p	+	6	7962578	5513992	5904627	8087345	27468542	7604	24149	9122	8308	3641	4202	3348	3733	3521	3902	3164	6880	440	437	109	111	1181	1198	219	222	0
*	*	5p	+	7	7935480	5524339	5983485	8024912	27468216	7335	18544	8760	7842	3197	3679	3098	3437	3632	3803	2734	5777	689	602	142	170	1400	1337	197	235	0
*	*	5p	+	8	7409687	5905368	5457577	8695884	27468516	6785	20263	7681	8335	3060	3526	2889	3051	3100	3524	3199	6363	586	688	216	169	1097	1312	228	231	0
*	*	5p	+	9	7304008	5851742	5777093	8535436	27468279	6505	19051	7794	7979	3291	3221	3412	3076	3120	3025	3228	6458	727	647	215	223	1354	1297	235	228	0
*	*	5p	+	10	7599882	5933310	5984270	7950880	27468342	7103	16864	8014	7474	3147	3004	3552	3477	2883	2829	3309	5886	749	693	249	220	1357	1172	255	268	0
*	*	5p	+	11	7748760	5785435	6098528	7835715	27468438	6872	14960	8151	7677	3085	3281	3028	3135	3043	3058	3092	5869	754	742	226	281	1283	1199	216	248	0
*	*	5p	+	12	7779662	5898674	6010365	7779751	27468452	6844	13881	8232	7742	3109	3138	3115	2917	3164	3196	2929	5748	719	794	303	235	1183	1239	240	275	0
*	*	5p	+	13	7748504	5864466	5964958	7890511	27468439	6594	13454	7720	7733	2954	2882	2960	2847	3095	3220	3017	5719	725	725	267	292	1234	1218	260	236	0
*	*	5p	+	14	7621231	5991321	6019579	7836176	27468307	6924	13195	7432	7797	2837	2596	3129	3179	2971	2986	3246	6000	752	797	286	294	1199	1344	275	260	0
*	*	5p	+	15	7725363	6044434	5960547	7737881	27468225	6814	12938	7955	7644	3116	2902	3269	3279	2940	2678	3137	6122	780	800	274	274	1328	1309	271	257	0
*	*	5p	+	16	7735618	5971622	6002575	7758451	27468266	6858	12502	8032	7805	2931	3071	3217	3086	3063	2965	3138	5901	788	871	273	286	1237	1380	240	247	0
*	*	5p	+	17	7725401	5932999	6008920	7800841	27468161	7239	11574	8134	7732	2825	3110	2865	2842	3172	3098	2786	5714	859	801	280	299	1276	1392	272	285	0
*	*	5p	+	18	7564295	6060440	6018664	7824739	27468138	7468	12048	7621	7947	2756	2812	2847	2866	3089	3068	2995	5759	805	863	283	267	1277	1451	247	274	0
*	*	5p	+	19	7611333	6018226	6111434	7726913	27467906	7994	11523	7661	7802	2835	2809	3268	2895	3058	2916	3099	5709	884	891	289	320	1493	1428	265	286	0
*	*	5p	+	20	7663205	6037419	6149896	7617396	27467916	8457	11920	7860	7936	2820	2930	3355	3223	2882	2660	3250	5732	842	957	293	293	1415	1524	275	255	0
*	*	5p	+	21	7687219	5997408	6101272	7682028	27467927	8815	11170	7878	7988	2902	3125	2892	2981	2847	2927	3076	5445	780	919	302	311	1328	1609	271	256	0
*	*	5p	+	22	7746469	5943403	6016152	7761910	27467934	9160	10823	8016	8060	2858	3027	2873	2803	3106	3057	3010	5404	801	912	300	283	1366	1551	272	270	0
*	*	5p	+	23	7621601	5963805	5999979	7882515	27467900	9493	10695	7470	8433	2691	2711	2990	2881	3152	3096	2996	5448	808	892	284	299	1381	1611	262	239	0
*	*	5p	+	24	7598136	6095013	6030270	7744611	27468030	9990	10684	7582	8252	2768	2741	3152	3043	2933	2844	2992	5613	818	894	297	296	1310	1537	280	233	0
*	*	5p	+	25	7733855	6128736	5873168	7732022	27467781	10302	10852	7527	8339	2976	2938	3188	3359	2853	2668	2976	5179	763	894	307	302	1265	1492	249	240	0
*	*	5p	+	26	7773764	6036915	5886099	7768523	27465301	11154	10628	7685	8721	2983	3170	2943	3117	2963	2894	3133	5363	713	834	327	304	1180	1439	233	262	0
*	*	5p	+	27	7784021	5989801	5894285	7793214	27461321	11505	9645	7681	8771	3034	3096	2792	3133	2958	3062	2917	5322	809	843	290	316	1332	1379	249	257	0
*	*	5p	+	28	7759806	5995574	5881859	7819932	27457171	11614	9754	7241	9011	2892	2716	2960	3245	3015	3119	3020	5313	820	755	345	300	1419	1350	228	210	0
*	*	5p	+	29	7786806	6052490	5844597	7768022	27451915	12331	9853	7404	9171	2752	2692	3067	3489	2922	3071	3046	5214	735	821	374	273	1248	1259	230	240	0
*	*	5p	+	30	7755266	6096455	5865883	7727969	27445573	13737	9894	7496	9107	2850	2880	3173	3666	2801	2890	3303	5333	713	741	344	300	1136	1184	253	246	0
*	*	5p	+	31	7742256	5981084	5748864	7785669	27257873	13832	9355	7663	9526	3045	3162	2815	3535	2864	3075	2934	5238	704	761	309	279	1224	1222	234	227	0
*	*	5p	+	32	7726237	5922225	5658781	7711241	27018484	14431	8973	7405	9716	2940	3265	2916	3515	2869	3276	2816	5176	721	717	358	285	1165	1220	239	250	0
*	*	5p	+	33	7619670	5811522	5557770	7734081	26723043	14796	8917	6942	10059	2808	2829	2888	3702	3017	3378	2875	5079	692	729	326	291	986	1120	209	227	0
*	*	5p	+	34	7512615	5739837	5469639	7636484	26358575	15556	9282	6796	10111	2847	2920	3054	3721	3107	3312	2949	5062	626	632	333	306	1034	1026	225	211	0
*	*	5p	+	35	7540007	5625886	5369437	7378299	25913629	16040	9053	7175	9976	2880	3037	3375	4004	2878	3061	2991	4810	581	613	335	267	991	1037	204	212	0
*	*	5p	+	36	7415621	5448865	5241329	7285557	25391372	16367	8561	6858	10339	3027	3246	2880	3815	2652	3328	2823	4767	580	543	298	276	913	998	267	209	0
*	*	5p	+	37	7284372	5202136	5070837	7222722	24780067	16466	8054	6914	10404	2908	3345	2629	3623	2849	3657	2682	4564	506	574	297	294	858	946	226	211	0
*	*	5p	+	38	7046295	5042202	4892970	7112768	24094235	16497	8041	6473	10295	2798	2855	2694	3559	2963	3570	2666	4629	477	547	305	248	782	927	206	202	0
*	*	5p	+	39	6807701	4977873	4712914	6836695	23335183	16228	8262	6186	10233	2768	2954	2922	3928	2838	3564	2798	4395	496	529	292	237	826	838	209	166	0
*	*	5p	+	40	6581561	4793516	4581725	6555366	22512168	16657	8065	6218	10073	2757	3074	2891	4190	2563	3234	2749	4339	462	500	303	243	817	765	177	178	0
*	*	5p	+	41	6418820	4541300	4301228	6383142	21644490	16113	7612	6086	10025	2875	3259	2477	3847	2652	3346	2531	4022	454	465	261	213	735	703	175	174	0
*	*	5p	+	42	6168275	4291381	4102786	6175811	20738253	15642	6887	5993	9829	2908	3311	2275	3419	2629	3542	2372	4036	428	454	273	207	694	687	172	163	0
*	*	5p	+	43	5816154	4063494	3921952	5991527	19793127	15138	6759	5572	9886	2472	3078	2346	3602	2623	3515	2366	3814	408	426	239	197	620	668	187	166	0
*	*	5p	+	44	5538818	3907692	3726061	5646191	18818762	14840	6959	5251	9426	2515	2794	2483	3691	2531	3182	2295	3601	389	418	251	160	590	639	139	168	0
*	*	5p	+	45	5315860	3698524	3504737	5315976	17835097	14778	6630	5205	8632	2387	2844	2440	3707	2265	3144	2280	3702	364	335	223	156	537	538	151	144	0
*	*	5p	+	46	5087636	3422458	3283179	5056508	16849781	14299	6048	5018	8669	2365	2997	2087	3316	2186	3047	2046	3406	271	352	212	172	445	462	112	134	0
*	*	5p	+	47	4758623	3180658	3093000	4829648	15861929	13743	5776	4812	8408	2157	2869	1913	3070	2161	3209	1942	3344	260	300	166	154	413	437	100	136	0
*	*	5p	+	48	4409046	2999428	2916349	4548167	14872990	13079	5331	4240	8051	1942	2404	1895	2927	2248	3024	1984	3013	233	287	195	155	421	403	133	115	0
*	*	5p	+	49	4132939	2861577	2720884	4184598	13899998	12461	5384	4014	7577	1891	2379	1935	3001	1814	2677	1799	2799	213	278	154	144	411	354	103	108	0
*	*	5p	+	50	3886644	2677259	2523239	3866206	12953348	11971	5184	4005	7077	1992	2416	1828	2867	1706	2393	1869	2772	219	219	152	128	351	285	110	97	0
*	*	5p	+	51	3653030	2417074	2329649	3641910	12041663	11493	4514	3729	6657	1908	2301	1588	2762	1603	2476	1609	2571	211	215	150	112	346	298	106	105	0
*	*	5p	+	52	3371372	2207610	2191150	3397747	11167879	10655	4104	3509	6338	1619	2158	1447	2253	1636	2465	1385	2453	183	230	125	111	295	287	81	85	0
*	*	5p	+	53	3088461	2055811	2008101	3183115	10335488	10039	3814	3126	5889	1407	1924	1396	2176	1590	2322	1294	2341	186	185	133	91	295	285	73	85	0
*	*	5p	+	54	2849857	1920136	1847311	2932571	9549875	9386	3738	2888	5532	1390	1715	1406	2210	1342	2184	1390	2193	173	182	104	73	230	247	69	82	0
*	*	5p	+	55	2664612	1768454	1712522	2660346	8805934	9240	3539	2739	4872	1403	1824	1402	2134	1275	1944	1267	1988	148	177	114	80	250	228	65	82	0
*	*	5p	+	56	2450438	1617516	1566799	2470965	8105718	8291	3171	2667	4854	1297	1651	1146	1953	1170	1929	1123	1824	114	162	84	81	253	203	55	80	0
*	*	5p	+	57	2273902	1458364	1431210	2284989	7448465	7722	2946	2474	4496	1143	1669	985	1624	1144	1820	1097	1736	135	133	75	76	192	167	74	67	0
*	*	5p	+	58	2054391	1349019	1316038	2112294	6831742	7011	2659	2211	4182	1035	1390	1085	1616	1149	1726	968	1538	119	136	78	64	199	191	58	62	0
*	*	5p	+	59	1880558	1254597	1206296	1910346	6251797	6769	2689	2124	3820	944	1297	937	1603	1010	1568	880	1450	111	130	87	73	181	169	53	60	0
*	*	5p	+	60	1729688	1158621	1111511	1714635	5714455	6421	2322	1893	3393	1022	1195	1001	1530	900	1417	845	1400	116	124	89	57	179	169	64	47	0
*	*	5p	+	61	1595073	1036200	1007924	1580188	5219385	5929	2199	1884	3112	876	1340	796	1408	882	1266	805	1267	91	114	75	60	137	142	59	47	0
*	*	5p	+	62	1450414	931011	914408	1469731	4765564	5334	1987	1634	2892	806	1192	707	1138	817	1271	747	1198	72	98	63	56	140	132	47	52	0
*	*	5p	+	63	1306561	857123	830437	1355851	4349972	4779	1894	1560	2758	767	936	656	1139	889	1356	701	1086	70	76	52	44	130	116	44	57	0
*	*	5p	+	64	1195239	790461	759711	1223657	3969068	4462	1778	1380	2468	754	908	687	1035	818	1062	701	979	67	74	52	38	123	126	34	45	0
*	*	5p	+	65	1100797	722413	699366	1098272	3620848	4339	1588	1409	2320	693	910	639	925	654	1028	625	842	45	78	53	41	125	93	45	39	0
*	*	5p	+	66	1007359	648181	635891	1011564	3302995	3975	1462	1301	2020	572	913	575	934	577	1018	555	826	51	57	42	39	105	90	32	28	0
*	*	5p	+	67	925549	584512	577081	925701	3012843	3314	1223	1210	1904	496	807	491	826	573	834	481	693	65	64	36	22	95	90	28	32	0
*	*	5p	+	68	832054	535322	528709	850914	2746999	3096	1151	972	1715	465	698	451	815	528	800	434	680	49	56	35	29	104	81	31	38	0
*	*	5p	+	69	756177	494829	483289	769662	2503957	2841	1171	982	1625	471	680	414	720	465	764	464	651	32	56	52	30	69	90	26	40	0
*	*	5p	+	70	694717	454063	442274	690712	2281766	2599	1086	860	1405	456	584	432	673	424	628	419	614	38	57	28	29	83	56	24	29	0
*	*	5p	-	1	9498453	6781053	3365513	7436934	27081953	13125	68290	7562	9395	6337	7906	2112	6478	3510	8081	4450	6176	0	0	0	0	0	0	0	0	3
*	*	5p	-	2	7510952	4291028	6538201	8790362	27130543	9163	50937	12899	6413	5227	7539	4030	4918	5490	6127	2568	7365	1	0	0	0	2	1	2	1	3
*	*	5p	-	3	8029383	5214546	6159846	7731441	27135216	9540	31985	10290	6368	3835	5193	3021	4464	4772	6232	2768	7519	1	0	2	1	3	6	6	4	3
*	*	5p	-	4	8096891	5196815	6037215	7793936	27124857	9026	27380	9563	6030	3335	4738	3215	3961	3976	5013	2812	8074	4	3	1	1	17	18	14	31	0
*	*	5p	-	5	8201882	5089269	6236632	7608295	27136078	8342	21330	9738	5233	2928	4130	3330	3633	3729	4403	2395	7372	45	37	49	52	154	116	100	118	0
*	*	5p	-	6	8008383	5489368	5934216	8055031	27486998	7551	24200	8908	8022	3732	4156	3399	3802	3429	3781	3200	6729	93	68	83	80	200	188	141	148	0
*	*	5p	-	7	7988727	5512219	6009065	7976933	27486944	7481	18978	8758	7805	3267	3769	3172	3396	3525	3788	2817	5714	101	90	91	112	224	193	155	169	0
*	*	5p	-	8	7452987	5889789	5491335	8652772	27486883	6928	20369	7561	8202	3140	3601	2955	3032	3052	3386	3375	6283	135	127	112	124	230	218	192	167	0
*	*	5p	-	9	7356646	5821832	5808448	8499966	27486892	6591	19267	8066	7733	3291	3188	3340	3296	2918	2883	3332	6338	167	167	169	169	240	233	160	171	0
*	*	5p	-	10	7651485	5903550	6016223	7915566	27486824	6838	16792	8122	7299	3212	3199	3678	3527	2821	2765	3310	5893	179	196	169	154	231	290	172	179	0
*	*	5p	-	11	7798730	5763326	6128236	7796476	27486768	6880	14896	8257	7575	3221	3450	3115	3112	3102	2915	3089	5675	225	246	174	168	290	277	161	188	0
*	*	5p	-	12	7825778	5888648	6035813	7736497	27486736	6719	13692	8235	7942	3176	3317	3064	2982	3183	3079	2937	5834	246	273	180	172	312	333	152	160	0
*	*	5p	-	13	7801880	5847409	5996099	7841231	27486619	6781	13530	7697	7725	2964	2790	3005	3023	3027	3077	3027	5918	273	327	212	191	345	362	175	191	0
*	*	5p	-	14	7671769	5967133	6047275	7800259	27486436	7133	13328	7587	7604	2944	2691	3239	3167	2942	3000	3171	6075	298	342	217	174	422	451	178	212	0
*	*	5p	-	15	7780513	6013422	5991129	7701154	27486218	7122	13230	8025	7588	3097	2909	3392	3305	2699	2684	3200	6148	345	390	229	213	562	526	193	197	0
*	*	5p	-	16	7787367	5947851	6029764	7720968	27485950	7333	12481	8242	7762	2983	3074	3208	3063	3098	2969	3020	5823	390	398	233	237	631	651	248	192	0
*	*	5p	-	17	7776221	5927434	6030559	7751590	27485804	7314	12136	8220	7958	2925	3205	2877	2821	3064	3162	2930	5888	473	460	212	246	736	730	214	211	0
*	*	5p	-	18	7622493	6035527	6048585	7779076	27485681	7515	11971	7754	8089	2881	2852	3069	3053	3033	2907	3013	5729	510	523	235	262	769	839	185	217	0
*	*	5p	-	19	7666982	5987833	6140604	7690106	27485525	7827	11665	7570	7781	2829	2732	3379	3069	3065	2918	3009	5857	547	505	223	247	880	874	180	222	0
*	*	5p	-	20	7710279	6006522	6185595	7582957	27485353	8617	11776	7770	7912	2957	2971	3425	3280	2867	2674	3169	5845	582	554	279	239	1023	885	212	213	0
*	*	5p	-	21	7734740	5971604	6133930	7644938	27485212	8941	11218	7838	8047	2963	3038	2920	3005	2814	2931	2927	5366	640	584	234	254	1041	966	230	251	0
*	*	5p	-	22	7798835	5929092	6041051	7716036	27485014	9050	10881	7867	8299	2956	3105	2797	2799	2926	3003	2918	5583	617	607	251	254	1121	1076	250	235	0
*	*	5p	-	23	7671884	5950922	6029446	7832803	27485055	9500	10681	7556	8396	2723	2769	2986	2932	3185	2989	2995	5442	704	641	250	261	1157	1060	204	225	0
*	*	5p	-	24	7648701	6061017	6062504	7712666	27484888	9900	10907	7289	8237	2829	2722	3220	3038	2918	2773	3061	5637	636	645	264	288	1196	1128	231	248	0
*	*	5p	-	25	7783326	6102506	5908192	7690386	27484410	10627	10954	7574	8185	2914	2893	3253	3319	2709	2533	3082	5387	642	695	274	260	1256	1129	249	244	0
*	*	5p	-	26	7827405	6008209	5912586	7733685	27481885	11191	10574	7693	8541	3031	3209	3017	3210	2990	2755	3041	5266	727	666	271	262	1246	1186	219	260	0
*	*	5p	-	27	7835713	5973562	5920869	7747972	27478116	11476	9772	7726	8674	3062	3122	2794	3205	2924	3056	2927	5365	722	722	308	294	1239	1257	230	274	0
*	*	5p	-	28	7812276	5978737	5912539	7769977	27473529	11769	9809	7251	9061	2842	2774	2911	3385	2975	3107	3087	5304	776	768	328	291	1312	1221	236	238	0
*	*	5p	-	29	7841175	6027277	5872913	7727042	27468407	12413	9930	7497	8977	2931	2742	3189	3450	3031	3066	2954	5346	788	772	328	286	1350	1271	211	288	0
*	*	5p	-	30	7803497	6070184	5895855	7691819	27461355	13674	9786	7530	9084	2906	3012	3172	3845	2762	2905	3152	5327	825	768	365	298	1410	1317	267	226	0
*	*	5p	-	31	7789185	5959379	5778861	7747459	27274884	14408	9409	7441	9567	2986	3350	2891	3565	2841	3045	3002	5106	793	823	328	308	1390	1335	265	242	0
*	*	5p	-	32	7772430	5909019	5683148	7671170	27035767	14400	9207	7503	9832	3007	3197	2889	3455	2785	3256	2839	5065	840	887	353	295	1357	1355	276	254	0
*	*	5p	-	33	7670137	5796555	5589654	7682829	26739175	14875	9068	6941	10421	2830	2844	3076	3719	3068	3326	3005	4982	840	838	385	314	1413	1377	265	227	0
*	*	5p	-	34	7563645	5718103	5498607	7594283	26374638	15653	9110	6833	9857	2809	2947	3069	3945	2853	3290	2943	4902	798	874	321	330	1406	1420	278	247	0
*	*	5p	-	35	7584740	5599492	5397786	7347096	25929114	16352	9078	7276	9927	3100	3020	3297	4031	2926	3080	2931	4836	861	831	351	334	1392	1411	278	258	0
*	*	5p	-	36	7462663	5426162	5267569	7250418	25406812	15987	8733	6782	10060	3097	3342	2747	3855	2785	3371	2806	4654	793	847	344	329	1320	1395	270	267	0
*	*	5p	-	37	7332606	5188493	5099596	7174852	24795547	16380	8113	7201	10354	2890	3449	2632	3778	2876	3462	2681	4527	884	880	322	309	1428	1452	257	244	0
*	*	5p	-	38	7095761	5023364	4919268	7070451	24108844	16370	8027	6646	10566	2800	3080	2685	3708	2784	3535	2856	4716	810	880	317	300	1406	1427	239	256	0
*	*	5p	-	39	6853109	4950758	4743375	6802217	23349459	16166	8123	6404	10058	2861	3061	2984	3921	2692	3481	2671	4430	779	849	327	261	1331	1475	229	217	0
*	*	5p	-	40	6628421	4763967	4610373	6523924	22526685	16632	8173	6213	9964	2771	3119	2851	4210	2494	3284	2653	4355	777	795	344	255	1315	1354	222	252	0
*	*	5p	-	41	6464476	4518847	4321755	6353217	21658295	16275	7459	6110	10124	2916	3373	2526	3880	2498	3390	2506	4128	816	776	308	253	1296	1397	232	253	0
*	*	5p	-	42	6206064	4285414	4129538	6130511	20751527	15584	7062	5977	9943	2745	3302	2414	3612	2508	3397	2393	4036	753	738	359	230	1294	1310	234	229	0
*	*	5p	-	43	5862755	4045556	3946981	5951016	19806308	15253	6784	5677	9793	2553	3018	2355	3551	2542	3487	2370	3866	747	730	311	258	1201	1206	225	236	0
*	*	5p	-	44	5583130	3881086	3760920	5606832	18831968	15086	6933	5505	9127	2710	2868	2533	3611	2577	3227	2327	3678	683	732	294	236	1160	1180	211	181	0
*	*	5p	-	45	5360002	3670445	3534077	5283615	17848139	14831	6514	5190	8786	2540	2890	2303	3845	2214	3067	2358	3496	631	684	294	231	1129	1173	203	221	0
*	*	5p	-	46	5125216	3403552	3307627	5025128	16861523	14368	6063	5067	8581	2391	3140	1988	3377	2085	3005	1999	3391	654	686	245	185	1089	1126	205	152	0
*	*	5p	-	47	4797350	3170427	3119470	4787037	15874284	13661	5526	4817	8248	2342	2943	1873	3009	2053	3187	1850	3104	569	584	227	181	1009	1078	161	171	0
*	*	5p	-	48	4448510	2981432	2943581	4510681	14884204	13298	5271	4422	8029	1961	2573	1836	2984	1972	3023	1864	3098	597	580	223	207	979	1001	161	153	0
*	*	5p	-	49	4174357	2838549	2745836	4150929	13909671	12326	5267	4047	7311	1906	2539	1884	2926	1826	2753	1768	2818	471	524	199	159	927	922	160	135	0
*	*	5p	-	50	3923391	2651671	2545339	3840532	12960933	12050	4839	4012	7068	1896	2551	1806	2953	1665	2424	1774	2813	456	465	227	160	854	863	141	145	0
*	*	5p	-	51	3683766	2400604	2346083	3618763	12049216	11305	4456	3795	6598	1835	2450	1459	2651	1651	2482	1560	2473	432	449	196	165	800	816	154	146	0
*	*	5p	-	52	3402295	2197902	2209343	3363216	11172756	10787	4021	3429	6137	1657	2262	1387	2392	1672	2342	1453	2390	381	430	180	144	781	746	120	111	0
*	*	5p	-	53	3125262	2040150	2028960	3143721	10338093	10100	3751	3367	5907	1505	2029	1388	2192	1488	2237	1363	2236	342	380	147	140	705	682	115	110	0
*	*	5p	-	54	2884162	1895961	1868997	2902257	9551377	9272	3634	2987	5427	1481	1817	1442	2228	1357	2190	1399	1985	351	345	157	130	647	646	90	96	0
*	*	5p	-	55	2693263	1748643	1728521	2636660	8807087	8985	3536	2989	5026	1430	1957	1316	2089	1237	1910	1243	1935	326	326	150	117	589	529	95	97	0
*	*	5p	-	56	2472421	1605401	1576409	2451574	8105805	8260	3099	2647	4818	1262	1742	1115	1965	1234	1950	1128	1774	295	311	137	133	546	538	100	86	0
*	*	5p	-	57	2296284	1450992	1440430	2260700	7448406	7625	2761	2468	4275	1096	1668	988	1664	1194	1672	1031	1625	250	326	128	109	490	482	82	109	0
*	*	5p	-	58	2081281	1335729	1330110	2083570	6830690	7205	2617	2175	4182	981	1461	941	1556	1119	1714	932	1530	233	289	98	103	443	441	73	106	0
*	*	5p	-	59	1905985	1237085	1219798	1889274	6252142	6718	2433	2049	3686	1015	1300	962	1531	933	1523	924	1443	242	224	84	97	421	396	75	76	0
*	*	5p	-	60	1752654	1139782	1124393	1696678	5713507	6453	2327	2036	3324	983	1332	970	1484	922	1276	866	1387	198	214	117	87	415	385	74	72	0
*	*	5p	-	61	1610565	1023366	1017687	1566166	5217784	5891	2109	1923	2985	937	1291	810	1347	853	1419	769	1139	192	232	102	80	372	348	54	82	0
*	*	5p	-	62	1466370	925296	922003	1449654	4763323	5234	1872	1715	2925	835	1151	745	1165	852	1238	693	1220	148	216	92	72	312	348	65	73	0
*	*	5p	-	63	1324205	847964	840403	1334802	4347374	4885	1845	1535	2768	750	1027	682	1118	840	1244	668	1068	190	185	92	70	287	313	50	53	0
*	*	5p	-	64	1211004	778669	769090	1207777	3966540	4460	1712	1496	2414	725	984	661	1123	652	1094	685	919	131	151	78	41	270	263	60	60	0
*	*	5p	-	65	1115860	709451	707477	1084791	3617579	4254	1569	1436	2200	691	916	677	1027	693	919	648	960	118	154	58	52	251	260	53	69	0
*	*	5p	-	66	1018559	639298	644662	997998	3300517	3820	1447	1304	2062	672	893	569	969	592	949	486	823	115	137	49	35	212	239	47	58	0
*	*	5p	-	67	938079	578743	584295	908832	3009949	3332	1295	1183	1862	512	838	496	764	542	823	466	740	95	127	62	37	209	198	58	45	0
*	*	5p	-	68	842766	528013	535671	837383	2743833	3099	1157	1086	1760	498	685	486	819	484	784	475	659	96	120	58	35	184	180	46	41	0
*	*	5p	-	69	766016	486033	490059	758363	2500471	2871	1153	946	1629	472	654	437	683	453	792	466	636	115	96	39	46	202	157	37	58	0
*	*	5p	-	70	702750	446294	448484	680570	2278098	2624	1006	935	1470	429	620	419	674	394	618	411	535	102	93	42	39	171	154	33	41	0
