Sample	Library	End	Std	Pos	A	C	G	T	Total	G>A	C>T	A>G	T>C	A>C	A>T	C>G	C>A	T>G	T>A	G>C	G>T	A>-	T>-	C>-	G>-	->A	->T	->C	->G	S
*	*	3p	+	1	7493829	3336677	7037610	9602972	27471088	91852	14000	12960	29028	3894	9118	5799	6635	7626	8648	2833	8359	0	0	0	0	0	0	0	0	20
*	*	3p	+	2	8865774	6603735	4426555	7575013	27471077	67135	10024	8926	22280	6178	7102	3525	8002	5151	8678	5335	6171	3	11	6	7	9	7	9	8	20
*	*	3p	+	3	7810275	6188141	5387694	8084984	27471094	43060	10227	9591	19624	5246	6996	4102	8176	4711	6125	4399	6232	24	17	13	11	15	35	15	16	17
*	*	3p	+	4	7854280	6088020	5402178	8126666	27471144	37737	9923	9476	16378	4644	5910	4154	9000	4386	5931	4663	5957	24	24	14	17	54	53	43	34	5
*	*	3p	+	5	7662665	6275654	5283589	8248937	27470845	29647	9310	8607	16465	4434	5218	3717	6842	4143	5404	4942	6374	21	20	20	15	122	113	70	92	0
*	*	3p	+	6	8010460	5945106	5479513	8034735	27469814	25319	8533	8611	14587	3973	4587	3853	5981	3875	5658	3760	6007	41	32	40	50	432	371	288	320	0
*	*	3p	+	7	7955133	6010309	5490276	8013633	27469351	19697	9405	8067	13940	3863	4476	3253	4605	3516	4992	3297	5597	178	201	199	171	568	540	415	381	0
*	*	3p	+	8	8642987	5497367	5865936	7462800	27469090	20670	9009	8667	11167	3199	3768	3832	4776	3427	4496	3053	5281	248	268	263	261	759	536	426	451	0
*	*	3p	+	9	8479328	5822273	5807139	7360479	27469219	19580	8108	7997	10985	3265	3260	3657	4477	3225	3939	3553	5065	293	355	355	306	679	550	416	408	0
*	*	3p	+	10	7886640	6023844	5892263	7666852	27469599	16995	8202	7573	10943	2843	2838	3563	4047	3283	3793	3707	5286	329	355	356	303	608	527	299	356	0
*	*	3p	+	11	7777629	6144593	5722901	7824658	27469781	14569	8171	7801	10836	3018	3074	3231	3635	3169	4066	2912	4978	352	356	344	316	550	449	287	320	0
*	*	3p	+	12	7725600	6050881	5848434	7844934	27469849	13617	7973	8053	10121	2967	3224	2974	3506	3156	3749	2972	4922	349	368	341	273	510	437	238	248	0
*	*	3p	+	13	7831110	6015012	5810277	7813527	27469926	13529	7779	7975	9646	3063	3174	3038	3665	2861	3187	3005	4805	367	373	342	293	483	445	207	226	0
*	*	3p	+	14	7782182	6083359	5931988	7672406	27469935	13368	8335	7773	9237	3044	3062	3271	3532	2936	2955	3378	5096	404	411	302	296	552	504	206	193	0
*	*	3p	+	15	7658694	6027849	5985935	7797248	27469726	12837	8129	7511	9482	2819	2631	3301	3673	3159	3291	3439	5124	445	465	375	299	626	579	226	233	0
*	*	3p	+	16	7687339	6062437	5915111	7804560	27469447	12186	8158	7665	9582	2754	2876	3004	3416	3123	3314	3129	4755	500	518	369	321	727	663	199	232	0
*	*	3p	+	17	7731856	6055474	5886907	7795198	27469435	11609	8193	7839	9690	2948	3216	2987	3315	3068	3469	2702	4793	558	609	355	268	755	763	243	193	0
*	*	3p	+	18	7758700	6082694	5997733	7629983	27469110	11558	8365	7963	8984	2989	2971	2968	3466	2868	2966	2987	5023	567	657	354	290	884	841	237	223	0
*	*	3p	+	19	7670199	6177787	5943516	7677433	27468935	11283	8812	7589	8717	2972	2806	3020	3383	2870	2917	3268	5170	605	647	405	286	954	1032	246	219	0
*	*	3p	+	20	7559602	6211273	5976389	7721470	27468734	11264	9203	7480	8835	2796	2645	3161	3454	2957	3157	3356	5486	589	692	362	311	1078	1099	250	217	0
*	*	3p	+	21	7627078	6157231	5931321	7753039	27468669	10593	9623	7699	8868	2706	2887	3068	3075	3059	3222	2733	5220	663	695	329	279	1112	1128	233	253	0
*	*	3p	+	22	7706809	6064306	5884523	7812883	27468521	10324	9879	7696	8842	2999	3055	3109	3184	3020	3306	2811	5039	629	704	317	313	1127	1252	256	238	0
*	*	3p	+	23	7818525	6054166	5920445	7675302	27468438	10291	10115	7864	8285	3086	2948	3045	3345	2864	2863	2869	5162	711	803	344	289	1150	1347	236	221	0
*	*	3p	+	24	7690038	6093996	6028580	7655652	27468266	10263	10607	7669	8173	2911	2863	3134	3443	2821	2779	3165	5234	719	773	381	286	1240	1391	252	234	0
*	*	3p	+	25	7676468	5930989	6072935	7787787	27468179	10201	11181	7536	8288	2802	2667	2997	3130	2897	2865	3176	5657	728	832	339	304	1244	1463	230	260	0
*	*	3p	+	26	7713034	5943585	5987133	7824422	27468174	9654	11782	7550	8390	2822	2947	3159	3162	2980	3342	2903	5531	760	812	310	283	1267	1431	278	245	0
*	*	3p	+	27	7716320	5949171	5946771	7855817	27468079	9186	12126	7651	8186	2833	3107	2901	3124	2996	3203	2870	5432	760	869	328	291	1391	1443	251	228	0
*	*	3p	+	28	7752930	5943414	5944782	7827017	27468143	8954	12487	7862	7971	2964	3144	3130	3233	2848	2856	2874	5435	828	858	339	310	1305	1458	255	232	0
*	*	3p	+	29	7709207	5910312	5993490	7855055	27468064	9129	13315	7594	7940	2952	2937	3149	3274	3015	2884	3160	5657	853	894	368	313	1313	1514	277	223	0
*	*	3p	+	30	7668638	5942331	6040116	7816996	27468081	8827	14488	7359	8077	2657	2687	3151	3488	2921	3071	3125	5932	829	893	329	336	1332	1493	239	242	0
*	*	3p	+	31	7730626	5815056	5927773	7812079	27285534	8645	15240	7738	8250	2904	2978	3077	3284	2998	3442	3043	5619	863	961	312	281	1428	1518	253	265	0
*	*	3p	+	32	7646428	5724568	5880882	7799524	27051402	8150	15680	7777	7994	2914	2923	2880	3181	2990	3229	2901	5289	866	1019	315	314	1368	1494	231	271	0
*	*	3p	+	33	7680691	5630612	5765177	7684253	26760733	7975	15963	8033	7479	3087	3206	3090	3224	2769	2932	2991	5659	885	898	311	335	1417	1510	210	287	0
*	*	3p	+	34	7577922	5557334	5690831	7574780	26400867	8310	16970	7664	7473	2945	3010	3004	3170	2856	2828	3184	5598	908	845	287	249	1440	1443	247	246	0
*	*	3p	+	35	7321966	5452619	5579589	7607574	25961748	8268	17680	7261	7781	2767	2810	3082	3198	2889	3138	3128	5796	878	911	335	281	1427	1492	230	270	0
*	*	3p	+	36	7223077	5321702	5413489	7485266	25443534	7861	17767	7339	7608	2970	2911	2856	3133	2883	3347	2847	5484	836	865	339	269	1406	1453	235	242	0
*	*	3p	+	37	7152407	5153149	5165147	7365181	24835884	7231	18094	7482	7813	2931	3039	2757	3105	2989	3325	2593	5228	872	897	289	266	1389	1444	234	250	0
*	*	3p	+	38	7057269	4972814	5005608	7116837	24152528	7139	18247	7390	7048	2867	3183	2953	3287	2746	2926	2728	5203	865	833	279	232	1378	1398	206	208	0
*	*	3p	+	39	6783255	4793514	4938683	6880508	23395960	7319	17768	6969	6716	2894	2999	2785	3204	2693	2919	2919	5274	829	790	262	222	1351	1295	232	198	0
*	*	3p	+	40	6506741	4664309	4746428	6657034	22574512	7274	18673	6851	6619	2634	2720	2678	3076	2670	3069	2893	5651	728	760	260	253	1272	1305	212	215	0
*	*	3p	+	41	6324006	4385355	4498608	6500114	21708083	6824	18113	6963	6858	2666	2865	2599	2995	2886	3343	2375	5060	706	799	232	208	1312	1197	208	199	0
*	*	3p	+	42	6107375	4185692	4269064	6240640	20802771	6444	17633	6538	6482	2706	2943	2548	2891	2679	3217	2275	4702	612	766	243	243	1166	1169	183	203	0
*	*	3p	+	43	5942931	3998203	4024614	5891677	19857425	6222	17115	6596	6198	2595	3081	2470	2820	2479	2951	2346	4597	666	696	231	222	1091	1188	187	191	0
*	*	3p	+	44	5589896	3814170	3870070	5609159	18883295	6362	16978	5830	5789	2451	2784	2409	2690	2601	2778	2493	4624	604	622	214	211	1057	1105	171	200	0
*	*	3p	+	45	5265919	3585668	3660051	5386977	17898615	6113	16664	5476	5812	2303	2513	2317	2707	2537	2791	2335	4654	587	586	195	205	987	1070	152	161	0
*	*	3p	+	46	5008498	3353054	3397294	5152701	16911547	5519	16281	5357	5453	2270	2667	2262	2699	2456	2922	2096	4194	507	573	168	183	990	1005	142	162	0
*	*	3p	+	47	4772960	3163277	3159606	4827020	15922863	5026	15373	5153	5255	2257	2629	1954	2534	2267	2909	1895	3858	484	502	165	143	913	920	150	137	0
*	*	3p	+	48	4505165	2987706	2974350	4464169	14931390	4873	14968	5210	4885	2128	2655	2016	2497	1953	2399	1763	3606	440	512	174	149	879	862	125	142	0
*	*	3p	+	49	4138929	2783235	2838691	4195125	13955980	4776	13861	4648	4412	2016	2432	1810	2187	1918	2362	1904	3705	404	455	126	127	787	840	105	131	0
*	*	3p	+	50	3824638	2587202	2647200	3947523	13006563	4527	13971	4365	4490	1891	2040	1886	2327	1842	2356	1808	3513	406	389	144	154	718	736	116	112	0
*	*	3p	+	51	3610776	2382527	2394501	3704525	12092329	4191	12821	4155	4107	1837	2111	1591	2083	1803	2233	1404	3108	360	375	142	122	680	658	105	105	0
*	*	3p	+	52	3357058	2245101	2195663	3418180	11216002	3675	12022	3826	3824	1766	2080	1540	1949	1626	2128	1379	2750	317	319	106	102	606	642	80	95	0
*	*	3p	+	53	3137931	2062944	2033744	3145070	10379689	3400	11377	3712	3582	1558	1942	1460	1806	1547	2008	1284	2610	289	271	106	77	548	586	92	76	0
*	*	3p	+	54	2898342	1898196	1893690	2901321	9591549	3414	10558	3325	3279	1463	1838	1436	1670	1424	1789	1442	2572	256	238	99	79	487	527	75	58	0
*	*	3p	+	55	2628621	1758464	1745442	2712759	8845286	3132	10074	3082	3120	1315	1555	1304	1636	1393	1872	1324	2455	215	228	75	76	432	497	57	60	0
*	*	3p	+	56	2446158	1603586	1605882	2486603	8142229	2843	9239	3031	2979	1304	1569	1191	1553	1295	1600	1113	2329	174	220	81	75	359	422	48	61	0
*	*	3p	+	57	2253830	1464979	1451333	2312341	7482483	2458	8567	2796	2709	1295	1413	1061	1363	1115	1593	953	1935	175	183	80	73	350	350	51	47	0
*	*	3p	+	58	2080418	1352293	1335801	2094704	6863216	2340	7953	2620	2443	1144	1442	972	1297	940	1361	977	1888	182	162	52	53	272	303	45	31	0
*	*	3p	+	59	1884938	1240492	1236520	1918830	6280780	2268	7692	2305	2279	1043	1211	915	1238	903	1163	934	1769	115	171	51	39	270	273	32	34	0
*	*	3p	+	60	1692754	1145889	1137546	1764798	5740987	2070	7090	2020	2204	913	1049	882	1108	956	1223	906	1588	121	122	33	38	232	237	36	20	0
*	*	3p	+	61	1561823	1036611	1023043	1622106	5243583	1847	6425	1836	2010	856	1077	802	922	863	1099	758	1447	123	126	42	31	188	253	28	19	0
*	*	3p	+	62	1447969	938940	925181	1475747	4787837	1780	5848	1825	1833	796	1001	764	935	729	967	688	1261	98	102	45	30	182	215	22	14	0
*	*	3p	+	63	1331492	855564	848395	1334539	4369990	1644	5437	1735	1664	774	911	659	758	670	865	632	1124	96	119	29	39	182	188	24	26	0
*	*	3p	+	64	1206068	782333	778352	1220457	3987210	1488	4797	1549	1480	660	779	667	719	669	820	609	1151	69	87	28	29	147	155	19	19	0
*	*	3p	+	65	1081320	720906	709613	1125689	3637528	1363	4619	1275	1484	599	706	628	777	583	816	583	1061	82	70	16	20	148	165	17	15	0
*	*	3p	+	66	997216	656351	638343	1026288	3318198	1270	4204	1244	1335	522	714	474	644	600	739	479	940	62	64	17	16	145	131	21	11	0
*	*	3p	+	67	908341	594198	578696	945380	3026615	1156	3633	1142	1244	472	642	455	549	478	673	427	796	66	60	12	15	120	134	12	16	0
*	*	3p	+	68	835295	545634	528549	850095	2759573	984	3285	1107	1072	465	593	437	451	442	553	408	788	42	62	21	11	114	113	10	17	0
*	*	3p	+	69	757690	498571	485691	773277	2515229	991	3039	1001	969	397	545	369	516	380	522	414	738	53	49	18	16	94	115	21	15	0
*	*	3p	+	70	680489	456976	445129	709390	2291984	928	2883	972	914	373	417	341	450	394	465	367	718	48	48	12	19	92	94	9	15	0
*	*	3p	-	1	7528701	3314869	7074728	9569049	27487347	91853	13557	13161	29118	3922	9492	5674	6805	7638	8614	2937	8185	0	0	0	0	0	0	0	0	64
*	*	3p	-	2	8927062	6586251	4436799	7537043	27487155	65895	9994	9015	22162	6023	6936	3298	8279	5186	8640	5251	5870	8	8	5	8	85	61	48	34	60
*	*	3p	-	3	7902975	6164450	5394526	8024894	27486845	42424	9993	9721	19151	5216	7004	3966	8518	4513	6012	4324	6032	36	23	27	18	140	236	116	103	34
*	*	3p	-	4	7899334	6062249	5447825	8076630	27486038	39041	9628	9517	16220	4683	5962	4175	8825	4368	5707	4723	5973	62	62	34	49	580	659	206	158	4
*	*	3p	-	5	7697841	6260047	5328961	8197592	27484441	30466	9202	8690	16343	4600	5137	3874	6860	3939	5276	4840	6374	244	301	105	102	1215	1279	303	312	0
*	*	3p	-	6	8042057	5927230	5508478	8005649	27483414	25622	8546	8737	14538	4125	4774	3765	6159	3918	5676	3719	5870	496	511	205	163	1704	1592	399	430	0
*	*	3p	-	7	8013085	5997184	5502985	7969453	27482707	19240	9559	8186	14042	4031	4526	3290	4656	3444	5105	3343	5447	775	901	351	246	1918	2021	472	434	0
*	*	3p	-	8	8713130	5469023	5885745	7415186	27483084	20684	8918	8832	11434	3394	4082	3672	4943	3271	4479	2877	5177	849	826	368	350	1910	1650	406	496	0
*	*	3p	-	9	8524685	5797954	5843082	7317411	27483132	19662	8161	8350	10818	3286	3509	3528	4608	3290	4126	3642	5002	921	969	495	398	1760	1801	394	470	0
*	*	3p	-	10	7921596	6003790	5938059	7620114	27483559	17101	8585	7758	10675	2961	3047	3609	4070	3236	3766	3563	5305	874	1084	520	378	1549	1781	402	407	0
*	*	3p	-	11	7822972	6120653	5754934	7785418	27483977	14699	8098	7803	10657	3024	3263	3292	4015	3019	3931	2883	4855	987	1067	462	346	1504	1578	322	317	0
*	*	3p	-	12	7775809	6035675	5857345	7815222	27484051	13640	8142	8028	10304	3011	3357	3078	3651	3107	3727	3000	4703	935	960	393	385	1499	1384	345	303	0
*	*	3p	-	13	7902135	5992010	5824510	7765461	27484116	13273	7676	7941	9624	3081	3355	3059	3453	2902	3298	3009	4636	946	966	434	323	1440	1465	263	286	0
*	*	3p	-	14	7830280	6058983	5969268	7625722	27484253	13224	8021	7997	9015	3035	2972	3233	3620	2904	2937	3196	5141	942	984	444	353	1434	1425	287	293	0
*	*	3p	-	15	7704436	6006167	6026168	7747462	27484233	12776	8158	7686	9237	2913	2736	3332	3675	3250	3165	3326	5121	953	963	411	359	1396	1481	269	310	0
*	*	3p	-	16	7726463	6045475	5944578	7767701	27484217	11973	7925	7620	9553	2814	2948	3156	3424	3034	3295	3044	5121	965	905	422	349	1421	1402	269	267	0
*	*	3p	-	17	7794762	6035640	5901366	7752538	27484306	11452	8050	7800	9410	2984	3086	2813	3316	3029	3380	2730	4845	922	970	400	331	1439	1409	303	235	0
*	*	3p	-	18	7822037	6056374	6025515	7580234	27484160	11741	8283	7914	8675	3039	3209	3092	3536	2874	3051	2808	4933	929	948	381	334	1473	1398	277	294	0
*	*	3p	-	19	7719544	6152603	5979720	7632156	27484023	11328	8751	7599	8784	2939	2925	3095	3293	2876	2958	3109	5105	967	998	407	339	1520	1556	302	292	0
*	*	3p	-	20	7601899	6185986	6017822	7678343	27484050	11460	9067	7633	8907	2921	2610	3342	3285	2935	3097	3353	5380	954	984	363	361	1566	1502	264	306	0
*	*	3p	-	21	7670178	6137524	5959520	7717001	27484223	10667	9495	7618	8725	2745	2908	3058	3119	2826	3391	2947	5171	972	909	396	340	1611	1350	272	239	0
*	*	3p	-	22	7756031	6046064	5905321	7776776	27484192	10326	9964	7665	8849	3042	3050	2878	3253	3014	3205	2858	5107	880	880	393	289	1561	1394	288	264	0
*	*	3p	-	23	7890219	6025980	5932921	7635121	27484241	10171	10275	7947	8351	2994	3019	3032	3335	2715	2953	2926	5210	898	832	339	307	1559	1378	262	252	0
*	*	3p	-	24	7738805	6070501	6068012	7607104	27484422	10197	10775	7642	8104	2978	2782	3025	3375	2866	2774	3191	5374	848	849	338	275	1453	1281	251	293	0
*	*	3p	-	25	7720038	5902443	6113517	7748509	27484507	10259	11024	7631	8121	2787	2696	3052	3181	2999	2989	3249	5749	811	775	325	301	1478	1242	222	247	0
*	*	3p	-	26	7752194	5920173	6024299	7787931	27484597	9865	11824	7764	8424	2812	2966	3259	3308	2876	3227	2821	5396	817	737	331	326	1344	1247	263	245	0
*	*	3p	-	27	7774758	5929863	5965224	7814675	27484520	8993	12429	7661	8266	2929	3039	2961	3358	2922	3260	2866	5374	840	866	313	325	1323	1335	249	272	0
*	*	3p	-	28	7815715	5922552	5963420	7782918	27484605	9139	12475	7810	8015	2983	3105	3152	3325	2925	2728	2880	5467	752	863	338	332	1267	1380	222	227	0
*	*	3p	-	29	7767393	5889322	6020108	7807944	27484767	9049	13382	7629	7909	3009	3008	3196	3226	2876	2834	3055	5530	786	797	309	334	1218	1232	240	231	0
*	*	3p	-	30	7705396	5918073	6085961	7775536	27484966	9055	14714	7551	8018	2755	2697	3317	3311	2792	2881	3096	6034	687	744	341	294	1119	1113	249	246	0
*	*	3p	-	31	7771546	5799403	5957365	7774793	27303107	8620	15221	7706	8345	3015	2987	3144	3327	2968	3296	2955	5582	681	740	308	268	1140	1156	195	236	0
*	*	3p	-	32	7698933	5710017	5895520	7765279	27069749	8078	15980	7592	8070	2947	3068	3003	3277	2984	3278	2793	5427	703	658	269	308	1058	1117	222	205	0
*	*	3p	-	33	7741800	5610346	5784508	7642271	26778925	8149	16204	7801	7685	3088	3237	3028	3261	2770	2864	2963	5714	674	616	260	268	970	982	194	198	0
*	*	3p	-	34	7633675	5530127	5725993	7528852	26418647	8468	16994	7607	7371	3208	3009	2956	3168	2722	2779	3056	5720	562	643	277	262	850	957	197	209	0
*	*	3p	-	35	7362357	5432530	5617203	7566764	25978854	8268	18048	7395	7651	2777	2876	3076	3141	2878	2952	3108	5902	590	576	270	279	863	892	186	196	0
*	*	3p	-	36	7261887	5296471	5448850	7453340	25460548	8084	17932	7465	7686	2852	2875	2885	3153	2876	3248	2875	5493	488	542	234	220	820	804	183	192	0
*	*	3p	-	37	7209920	5125738	5179159	7338540	24853357	7340	18230	7579	7506	3082	3278	2745	3150	3006	3288	2724	5115	487	475	241	210	804	761	174	190	0
*	*	3p	-	38	7110400	4955724	5026927	7077006	24170057	7384	18022	7430	6928	3005	3266	2887	3246	2758	2848	2676	5037	388	428	228	216	711	646	184	179	0
*	*	3p	-	39	6832748	4765911	4972342	6841787	23412788	7349	17839	7107	6658	2898	3075	2932	3143	2665	2812	2973	5327	437	441	213	192	641	676	140	166	0
*	*	3p	-	40	6538004	4640394	4794519	6618800	22591717	7185	18704	6895	6674	2721	2753	2881	3082	2698	2948	2856	5499	409	397	229	183	659	650	150	140	0
*	*	3p	-	41	6361302	4371151	4529809	6462654	21724916	6890	18296	6801	6510	2806	2990	2710	2876	2745	3191	2519	4960	360	371	185	149	565	605	142	152	0
*	*	3p	-	42	6159946	4164752	4277474	6216553	20818725	6249	17697	6682	6599	2641	3129	2582	2937	2774	3215	2366	4811	330	372	176	183	521	603	120	133	0
*	*	3p	-	43	5993004	3978514	4049820	5852214	19873552	6274	16890	6523	6107	2793	3111	2464	2820	2335	2990	2251	4573	317	325	158	154	489	488	134	135	0
*	*	3p	-	44	5638331	3786171	3906012	5568571	18899085	6321	16711	6020	5842	2503	2874	2464	2741	2449	2771	2511	4705	316	297	152	161	486	471	100	108	0
*	*	3p	-	45	5298217	3562748	3697583	5355583	17914131	6047	16783	5610	5714	2390	2602	2381	2787	2398	2845	2357	4581	233	282	171	102	437	385	118	118	0
*	*	3p	-	46	5046036	3331388	3419936	5129369	16926729	5510	16139	5454	5667	2330	2675	2175	2683	2379	2945	2038	4268	230	250	138	121	343	353	101	86	0
*	*	3p	-	47	4825672	3145841	3172724	4793346	15937583	5066	15485	5402	5212	2382	2707	2059	2625	2147	2743	1848	3842	226	192	123	107	331	305	108	93	0
*	*	3p	-	48	4547924	2965624	2996769	4434565	14944882	5034	14621	5223	4688	2262	2707	2112	2443	1888	2254	1947	3702	193	216	104	98	274	307	100	78	0
*	*	3p	-	49	4177271	2762923	2868300	4159124	13967618	4978	13976	4791	4485	1929	2410	1931	2251	1856	2306	1948	3697	180	179	119	95	281	269	76	84	0
*	*	3p	-	50	3851982	2566575	2682467	3915261	13016285	4748	14033	4424	4339	1939	2136	1855	2237	1959	2229	1824	3425	161	183	86	112	256	255	65	74	0
*	*	3p	-	51	3634363	2369891	2415488	3681720	12101462	4218	13023	4237	4211	1809	2205	1726	2219	1819	2255	1575	3230	141	158	86	76	233	241	74	66	0
*	*	3p	-	52	3395779	2227324	2206358	3392962	11222423	3714	12072	3868	3992	1779	2212	1523	1947	1500	2146	1510	2710	134	122	76	77	195	210	50	45	0
*	*	3p	-	53	3180043	2040790	2054070	3109005	10383908	3519	11265	3699	3524	1649	1961	1354	1850	1397	1831	1337	2612	121	133	58	69	192	210	43	51	0
*	*	3p	-	54	2926503	1878682	1919975	2869248	9594408	3476	10734	3498	3384	1548	1902	1395	1761	1443	1723	1412	2636	115	118	63	60	158	163	37	52	0
*	*	3p	-	55	2650095	1742037	1769366	2685809	8847307	3172	10353	3055	3027	1402	1647	1306	1651	1367	1849	1373	2462	103	113	46	62	134	137	39	49	0
*	*	3p	-	56	2465414	1592946	1618725	2466485	8143570	2948	9370	2988	2926	1259	1688	1168	1506	1251	1626	1157	2179	101	80	61	45	126	149	37	28	0
*	*	3p	-	57	2278065	1456358	1456886	2291839	7483148	2697	8705	2762	2707	1172	1524	1096	1414	1094	1528	1014	1983	61	93	50	37	100	118	22	38	0
*	*	3p	-	58	2107998	1337490	1346911	2070372	6862771	2415	7959	2625	2369	1194	1493	1032	1215	957	1259	1016	1837	72	73	35	31	101	110	13	15	0
*	*	3p	-	59	1907353	1226526	1254052	1893833	6281764	2345	7512	2377	2267	1032	1244	833	1162	842	1246	934	1775	56	58	39	39	92	97	27	16	0
*	*	3p	-	60	1710075	1130851	1157282	1742496	5740704	2117	7145	2096	2017	902	1124	901	1233	909	1081	939	1672	36	67	39	31	80	92	15	20	0
*	*	3p	-	61	1573977	1026133	1034987	1607378	5242475	1940	6586	1902	2024	884	1048	792	944	797	1106	773	1482	41	46	24	32	85	69	18	20	0
*	*	3p	-	62	1465628	929833	930076	1460469	4786006	1696	5791	1765	1771	817	1026	736	928	711	1040	631	1234	51	30	22	19	74	82	12	13	0
*	*	3p	-	63	1353349	844992	854291	1315237	4367869	1712	5249	1751	1571	814	965	642	868	667	819	602	1199	51	52	14	17	70	61	14	18	0
*	*	3p	-	64	1220825	774184	787725	1202438	3985172	1538	4858	1448	1457	779	845	650	726	602	736	592	1089	40	27	17	19	61	73	17	10	0
*	*	3p	-	65	1093227	711825	721799	1108011	3634862	1411	4732	1407	1386	615	736	588	725	570	781	604	947	22	43	16	12	68	65	6	11	0
*	*	3p	-	66	1008612	647296	646426	1013815	3316149	1265	4219	1280	1296	543	772	535	646	463	755	493	985	22	25	8	13	41	54	5	13	0
*	*	3p	-	67	922124	586288	582408	933244	3024064	1031	3749	1198	1225	516	636	411	531	411	658	428	765	23	38	12	8	42	34	6	12	0
*	*	3p	-	68	847720	538143	532766	837993	2756622	962	3319	1098	1010	508	593	439	499	391	564	427	818	25	31	13	14	51	53	6	9	0
*	*	3p	-	69	766545	491098	492180	762092	2511915	1061	3070	935	942	440	531	419	455	413	541	354	770	22	16	13	26	38	35	9	10	0
*	*	3p	-	70	687171	450359	452072	698827	2288429	971	2862	867	889	348	440	416	465	403	470	367	668	20	24	16	10	35	54	7	8	0
*	*	5p	+	1	9487537	7063390	3355877	7564353	27471157	12733	87617	7573	13041	7150	7615	2656	7476	3609	8198	5131	6328	0	0	0	0	0	0	0	0	10
*	*	5p	+	2	7484186	4484474	6547508	8954985	27471153	9102	65501	12804	8923	5700	7479	4961	5658	5629	6252	3053	7607	0	2	1	1	17	35	16	23	10
*	*	5p	+	3	7994583	5428212	6162034	7886259	27471088	9204	41339	10105	9118	4377	5070	3862	5420	4702	6293	3442	7900	6	12	15	5	77	59	40	45	3
*	*	5p	+	4	8070095	5433088	6041202	7925798	27470183	8771	36805	9352	9143	3935	4511	4079	4792	4141	5127	3479	8127	33	38	29	29	489	466	81	126	0
*	*	5p	+	5	8177096	5319466	6242967	7729420	27468949	8549	28492	9554	8123	3566	4174	4230	4595	3924	4342	3214	7358	264	249	103	75	1054	985	174	200	0
*	*	5p	+	6	7962581	5513996	5904628	8087349	27468554	7604	24150	9122	8310	3641	4202	3348	3734	3521	3902	3164	6881	440	437	109	111	1181	1198	219	222	0
*	*	5p	+	7	7935480	5524339	5983485	8024913	27468217	7335	18544	8760	7843	3197	3679	3098	3437	3632	3803	2734	5777	689	602	142	170	1400	1337	197	235	0
*	*	5p	+	8	7409687	5905368	5457577	8695884	27468516	6785	20263	7681	8335	3060	3526	2889	3051	3100	3524	3199	6363	586	688	216	169	1097	1312	228	231	0
*	*	5p	+	9	7304008	5851742	5777093	8535436	27468279	6505	19051	7794	7979	3291	3221	3412	3076	3120	3025	3228	6458	727	647	215	223	1354	1297	235	228	0
*	*	5p	+	10	7599882	5933310	5984270	7950880	27468342	7103	16864	8014	7474	3147	3004	3552	3477	2883	2829	3309	5886	749	693	249	220	1357	1172	255	268	0
*	*	5p	+	11	7748760	5785435	6098528	7835715	27468438	6872	14960	8151	7677	3085	3281	3028	3135	3043	3058	3092	5869	754	742	226	281	1283	1199	216	248	0
*	*	5p	+	12	7779662	5898674	6010365	7779751	27468452	6844	13881	8232	7742	3109	3138	3115	2917	3164	3196	2929	5748	719	794	303	235	1183	1239	240	275	0
*	*	5p	+	13	7748504	5864466	5964958	7890511	27468439	6594	13454	7720	7733	2954	2882	2960	2847	3095	3220	3017	5719	725	725	267	292	1234	1218	260	236	0
*	*	5p	+	14	7621231	5991321	6019579	7836176	27468307	6924	13195	7432	7797	2837	2596	3129	3179	2971	2986	3246	6000	752	797	286	294	1199	1344	275	260	0
*	*	5p	+	15	7725363	6044434	5960547	7737881	27468225	6814	12938	7955	7644	3116	2902	3269	3279	2940	2678	3137	6122	780	800	274	274	1328	1309	271	257	0
*	*	5p	+	16	7735618	5971622	6002575	7758451	27468266	6858	12502	8032	7805	2931	3071	3217	3086	3063	2965	3138	5901	788	871	273	286	1237	1380	240	247	0
*	*	5p	+	17	7725401	5932999	6008920	7800841	27468161	7239	11574	8134	7732	2825	3110	2865	2842	3172	3098	2786	5714	859	801	280	299	1276	1392	272	285	0
*	*	5p	+	18	7564295	6060440	6018664	7824739	27468138	7468	12048	7621	7947	2756	2812	2847	2866	3089	3068	2995	5759	805	863	283	267	1277	1451	247	274	0
*	*	5p	+	19	7611333	6018226	6111434	7726913	27467906	7994	11523	7661	7802	2835	2809	3268	2895	3058	2916	3099	5709	884	891	289	320	1493	1428	265	286	0
*	*	5p	+	20	7663205	6037419	6149896	7617396	27467916	8457	11920	7860	7936	2820	2930	3355	3223	2882	2660	3250	5732	842	957	293	293	1415	1524	275	255	0
*	*	5p	+	21	7687219	5997408	6101272	7682028	27467927	8815	11170	7878	7988	2902	3125	2892	2981	2847	2927	3076	5445	780	919	302	311	1328	1609	271	256	0
*	*	5p	+	22	7746469	5943403	6016152	7761910	27467934	9160	10823	8016	8060	2858	3027	2873	2803	3106	3057	3010	5404	801	912	300	283	1366	1551	272	270	0
*	*	5p	+	23	7621601	5963805	5999979	7882515	27467900	9493	10695	7470	8433	2691	2711	2990	2881	3152	3096	2996	5448	808	892	284	299	1381	1611	262	239	0
*	*	5p	+	24	7598136	6095013	6030270	7744611	27468030	9990	10684	7582	8252	2768	2741	3152	3043	2933	2844	2992	5613	818	894	297	296	1310	1537	280	233	0
*	*	5p	+	25	7733855	6128736	5873168	7732022	27467781	10302	10852	7527	8339	2976	2938	3188	3359	2853	2668	2976	5179	763	894	307	302	1265	1492	249	240	0
*	*	5p	+	26	7774275	6037230	5888112	7768667	27468284	11202	10628	7701	8721	2983	3171	2950	3117	2971	2896	3138	5369	713	834	327	304	1180	1439	233	262	0
*	*	5p	+	27	7785192	5990505	5898986	7793490	27468173	11644	9645	7727	8771	3034	3096	2805	3135	2969	3062	2932	5332	809	843	290	316	1332	1379	249	257	0
*	*	5p	+	28	7761798	5996755	5889078	7820546	27468177	11829	9756	7315	9011	2893	2717	2981	3246	3037	3120	3040	5328	820	755	345	300	1419	1350	228	210	0
*	*	5p	+	29	7790177	6054287	5855084	7768842	27468390	12727	9853	7527	9173	2752	2693	3090	3490	2946	3073	3084	5248	735	821	374	273	1248	1259	230	240	0
*	*	5p	+	30	7759972	6098719	5880637	7729235	27468563	14365	9894	7661	9108	2851	2881	3225	3673	2829	2893	3357	5360	713	741	344	300	1136	1184	253	246	0
*	*	5p	+	31	7748110	5983857	5766805	7787314	27286086	14653	9355	7848	9529	3046	3163	2872	3541	2903	3077	3004	5293	704	761	309	279	1224	1222	234	227	0
*	*	5p	+	32	7733535	5925436	5679699	7713221	27051891	15378	8974	7687	9722	2941	3266	2986	3516	2911	3280	2886	5248	721	717	358	285	1165	1220	239	250	0
*	*	5p	+	33	7628220	5815178	5581834	7736375	26761607	15956	8919	7214	10063	2810	2832	2944	3705	3093	3378	2983	5155	692	729	326	291	986	1120	209	227	0
*	*	5p	+	34	7522768	5743950	5495828	7639193	26401739	16888	9282	7133	10118	2850	2927	3155	3726	3169	3319	3064	5162	626	632	333	306	1034	1026	225	211	0
*	*	5p	+	35	7551683	5630375	5399290	7381371	25962719	17527	9056	7519	9977	2883	3038	3470	4014	2963	3064	3095	4909	581	613	335	267	991	1037	204	212	0
*	*	5p	+	36	7428785	5453751	5272881	7289066	25444483	17931	8562	7268	10346	3029	3248	2998	3823	2733	3331	2942	4898	580	543	298	276	913	998	267	209	0
*	*	5p	+	37	7298637	5207175	5104484	7226662	24836958	18218	8058	7319	10406	2909	3346	2739	3631	2945	3660	2813	4688	506	574	297	294	858	946	226	211	0
*	*	5p	+	38	7061615	5047295	4927813	7116884	24153607	18363	8044	6899	10300	2805	2858	2790	3567	3074	3576	2803	4741	477	547	305	248	782	927	206	202	0
*	*	5p	+	39	6823638	4983416	4748853	6841097	23397004	18223	8264	6646	10241	2773	2960	3034	3942	2972	3568	2936	4530	496	529	292	237	826	838	209	166	0
*	*	5p	+	40	6598125	4798985	4618557	6559909	22575576	18692	8065	6677	10081	2760	3082	3017	4198	2704	3238	2887	4472	462	500	303	243	817	765	177	178	0
*	*	5p	+	41	6436036	4546945	4338022	6387789	21708792	18128	7616	6538	10032	2878	3265	2615	3852	2777	3351	2680	4210	454	465	261	213	735	703	175	174	0
*	*	5p	+	42	6185929	4297041	4140152	6180643	20803765	17743	6892	6449	9834	2915	3316	2412	3432	2747	3552	2525	4212	428	454	273	207	694	687	172	163	0
*	*	5p	+	43	5833780	4069002	3959163	5996486	19858431	17272	6761	6053	9894	2480	3084	2471	3608	2753	3520	2530	3970	408	426	239	197	620	668	187	166	0
*	*	5p	+	44	5556544	3913308	3762981	5651129	18883962	16990	6961	5786	9435	2519	2802	2625	3703	2670	3192	2459	3753	389	418	251	160	590	639	139	168	0
*	*	5p	+	45	5333821	3703984	3540822	5320979	17899606	16939	6634	5699	8638	2392	2853	2559	3713	2387	3148	2446	3883	364	335	223	156	537	538	151	144	0
*	*	5p	+	46	5105376	3427591	3318354	5061357	16912678	16337	6053	5490	8675	2373	3004	2211	3325	2308	3057	2193	3567	271	352	212	172	445	462	112	134	0
*	*	5p	+	47	4775888	3185657	3128028	4834317	15923890	15856	5778	5267	8413	2160	2878	2024	3076	2291	3213	2105	3506	260	300	166	154	413	437	100	136	0
*	*	5p	+	48	4425710	3004247	2949679	4552689	14932325	15114	5337	4668	8055	1946	2412	2016	2930	2344	3030	2122	3185	233	287	195	155	421	403	133	115	0
*	*	5p	+	49	4148796	2866263	2752711	4189103	13956873	14352	5385	4441	7582	1897	2391	2037	3013	1939	2685	1938	2966	213	278	154	144	411	354	103	108	0
*	*	5p	+	50	3901712	2681755	2553557	3870381	13007405	13839	5186	4428	7086	2002	2425	1950	2872	1833	2400	1990	2913	219	219	152	128	351	285	110	97	0
*	*	5p	+	51	3667527	2421310	2358290	3645888	12093015	13338	4515	4172	6659	1913	2308	1676	2774	1709	2483	1728	2718	211	215	150	112	346	298	106	105	0
*	*	5p	+	52	3385053	2211572	2218262	3401602	11216489	12408	4106	3918	6347	1623	2169	1543	2263	1730	2471	1506	2590	183	230	125	111	295	287	81	85	0
*	*	5p	+	53	3101172	2059483	2032938	3186646	10380239	11622	3818	3495	5898	1410	1932	1503	2183	1684	2330	1381	2445	186	185	133	91	295	285	73	85	0
*	*	5p	+	54	2861948	1923610	1870705	2935801	9592064	10872	3740	3234	5535	1391	1724	1494	2219	1431	2190	1493	2311	173	182	104	73	230	247	69	82	0
*	*	5p	+	55	2675979	1771578	1734762	2663373	8845692	10636	3542	3047	4877	1406	1832	1493	2142	1352	1950	1352	2121	148	177	114	80	250	228	65	82	0
*	*	5p	+	56	2461015	1620536	1587122	2473848	8142521	9580	3173	2972	4861	1302	1658	1234	1959	1251	1932	1227	1935	114	162	84	81	253	203	55	80	0
*	*	5p	+	57	2283754	1461104	1450241	2287667	7482766	8954	2951	2757	4503	1145	1680	1068	1630	1198	1823	1178	1835	135	133	75	76	192	167	74	67	0
*	*	5p	+	58	2063441	1351614	1333519	2114779	6863353	8168	2664	2471	4187	1041	1392	1158	1625	1209	1728	1050	1617	119	136	78	64	199	191	58	62	0
*	*	5p	+	59	1889055	1256897	1222396	1912577	6280925	7863	2691	2367	3827	945	1303	1003	1607	1063	1570	952	1527	111	130	87	73	181	169	53	60	0
*	*	5p	+	60	1737301	1160710	1126410	1716621	5741042	7397	2324	2120	3396	1024	1199	1057	1535	963	1420	909	1477	116	124	89	57	179	169	64	47	0
*	*	5p	+	61	1602054	1038169	1021352	1582116	5243691	6830	2200	2072	3113	877	1344	859	1409	935	1269	872	1341	91	114	75	60	137	142	59	47	0
*	*	5p	+	62	1456862	932770	926754	1471514	4787900	6114	1989	1839	2894	812	1194	763	1141	861	1276	797	1268	72	98	63	56	140	132	47	52	0
*	*	5p	+	63	1312323	858712	841670	1357366	4370071	5530	1895	1745	2763	771	937	696	1142	932	1360	747	1159	70	76	52	44	130	116	44	57	0
*	*	5p	+	64	1200521	791874	769718	1225106	3987219	5140	1779	1527	2473	760	917	726	1039	855	1064	735	1032	67	74	52	38	123	126	34	45	0
*	*	5p	+	65	1105624	723755	708629	1099561	3637569	4962	1589	1556	2321	695	913	676	931	700	1030	671	887	45	78	53	41	125	93	45	39	0
*	*	5p	+	66	1011734	649376	644406	1012734	3318250	4509	1463	1438	2024	572	917	606	938	612	1018	595	869	51	57	42	39	105	90	32	28	0
*	*	5p	+	67	929594	585605	584656	926791	3026646	3815	1224	1329	1905	501	810	518	832	598	841	529	729	65	64	36	22	95	90	28	32	0
*	*	5p	+	68	835669	536311	535693	851899	2759572	3600	1153	1081	1718	470	698	485	818	555	804	463	719	49	56	35	29	104	81	31	38	0
*	*	5p	+	69	759476	495680	489522	770572	2515250	3303	1171	1071	1627	473	681	439	724	498	767	499	695	32	56	52	30	69	90	26	40	0
*	*	5p	+	70	697676	454911	447898	691514	2291999	3002	1086	955	1408	459	585	451	674	444	629	440	655	38	57	28	29	83	56	24	29	0
*	*	5p	-	1	9531080	7041221	3384986	7530168	27487455	13166	87853	7574	12897	7274	7974	2615	7441	3539	8131	5278	6232	0	0	0	0	0	0	0	0	3
*	*	5p	-	2	7534631	4474781	6573333	8904821	27487566	9186	66181	12920	8792	5852	7580	5101	5735	5537	6175	3177	7452	1	0	0	0	2	1	2	1	3
*	*	5p	-	3	8054048	5413525	6193915	7826131	27487619	9556	41681	10310	9081	4491	5223	3879	5402	4808	6267	3536	7574	1	0	2	1	3	6	6	4	3
*	*	5p	-	4	8123078	5401931	6070476	7892087	27487572	9041	36187	9576	8835	4021	4765	4110	4861	3991	5036	3605	8126	4	3	1	1	17	18	14	31	0
*	*	5p	-	5	8227540	5290574	6269892	7699168	27487174	8360	28425	9750	8035	3602	4150	4232	4522	3741	4433	3136	7418	45	37	49	52	154	116	100	118	0
*	*	5p	-	6	8008383	5489368	5934216	8055032	27486999	7551	24200	8908	8022	3732	4156	3399	3802	3429	3781	3200	6729	93	68	83	80	200	188	141	148	0
*	*	5p	-	7	7988727	5512219	6009065	7976933	27486944	7481	18978	8758	7805	3267	3769	3172	3396	3525	3788	2817	5714	101	90	91	112	224	193	155	169	0
*	*	5p	-	8	7452987	5889789	5491335	8652772	27486883	6928	20369	7561	8202	3140	3601	2955	3032	3052	3386	3375	6283	135	127	112	124	230	218	192	167	0
*	*	5p	-	9	7356646	5821832	5808448	8499966	27486892	6591	19267	8066	7733	3291	3188	3340	3296	2918	2883	3332	6338	167	167	169	169	240	233	160	171	0
*	*	5p	-	10	7651485	5903550	6016223	7915566	27486824	6838	16792	8122	7299	3212	3199	3678	3527	2821	2765	3310	5893	179	196	169	154	231	290	172	179	0
*	*	5p	-	11	7798730	5763326	6128236	7796476	27486768	6880	14896	8257	7575	3221	3450	3115	3112	3102	2915	3089	5675	225	246	174	168	290	277	161	188	0
*	*	5p	-	12	7825778	5888648	6035813	7736497	27486736	6719	13692	8235	7942	3176	3317	3064	2982	3183	3079	2937	5834	246	273	180	172	312	333	152	160	0
*	*	5p	-	13	7801880	5847409	5996099	7841231	27486619	6781	13530	7697	7725	2964	2790	3005	3023	3027	3077	3027	5918	273	327	212	191	345	362	175	191	0
*	*	5p	-	14	7671769	5967133	6047275	7800259	27486436	7133	13328	7587	7604	2944	2691	3239	3167	2942	3000	3171	6075	298	342	217	174	422	451	178	212	0
*	*	5p	-	15	7780513	6013422	5991129	7701154	27486218	7122	13230	8025	7588	3097	2909	3392	3305	2699	2684	3200	6148	345	390	229	213	562	526	193	197	0
*	*	5p	-	16	7787367	5947851	6029764	7720968	27485950	7333	12481	8242	7762	2983	3074	3208	3063	3098	2969	3020	5823	390	398	233	237	631	651	248	192	0
*	*	5p	-	17	7776221	5927434	6030559	7751590	27485804	7314	12136	8220	7958	2925	3205	2877	2821	3064	3162	2930	5888	473	460	212	246	736	730	214	211	0
*	*	5p	-	18	7622493	6035527	6048585	7779076	27485681	7515	11971	7754	8089	2881	2852	3069	3053	3033	2907	3013	5729	510	523	235	262	769	839	185	217	0
*	*	5p	-	19	7666982	5987833	6140604	7690106	27485525	7827	11665	7570	7781	2829	2732	3379	3069	3065	2918	3009	5857	547	505	223	247	880	874	180	222	0
*	*	5p	-	20	7710279	6006522	6185595	7582957	27485353	8617	11776	7770	7912	2957	2971	3425	3280	2867	2674	3169	5845	582	554	279	239	1023	885	212	213	0
*	*	5p	-	21	7734740	5971604	6133930	7644938	27485212	8941	11218	7838	8047	2963	3038	2920	3005	2814	2931	2927	5366	640	584	234	254	1041	966	230	251	0
*	*	5p	-	22	7798835	5929092	6041051	7716036	27485014	9050	10881	7867	8299	2956	3105	2797	2799	2926	3003	2918	5583	617	607	251	254	1121	1076	250	235	0
*	*	5p	-	23	7671884	5950922	6029446	7832803	27485055	9500	10681	7556	8396	2723	2769	2986	2932	3185	2989	2995	5442	704	641	250	261	1157	1060	204	225	0
*	*	5p	-	24	7648701	6061017	6062504	7712666	27484888	9900	10907	7289	8237	2829	2722	3220	3038	2918	2773	3061	5637	636	645	264	288	1196	1128	231	248	0
*	*	5p	-	25	7783326	6102506	5908192	7690386	27484410	10627	10954	7574	8185	2914	2893	3253	3319	2709	2533	3082	5387	642	695	274	260	1256	1129	249	244	0
*	*	5p	-	26	7827888	6008493	5914600	7733804	27484785	11232	10574	7713	8541	3031	3209	3021	3210	2991	2756	3047	5271	727	666	271	262	1246	1186	219	260	0
*	*	5p	-	27	7836881	5974228	5925315	7748271	27484695	11588	9772	7765	8674	3062	3123	2804	3205	2933	3056	2949	5374	722	722	308	294	1239	1257	230	274	0
*	*	5p	-	28	7814358	5979889	5919930	7770508	27484685	12017	9809	7318	9062	2842	2775	2930	3385	2984	3107	3120	5326	776	768	328	291	1312	1221	236	238	0
*	*	5p	-	29	7844428	6028983	5883299	7727859	27484569	12800	9930	7605	8977	2931	2746	3214	3450	3051	3068	2989	5370	788	772	328	286	1350	1271	211	288	0
*	*	5p	-	30	7808121	6072453	5910776	7693121	27484471	14305	9787	7684	9086	2907	3012	3225	3849	2803	2906	3200	5368	825	768	365	298	1410	1317	267	226	0
*	*	5p	-	31	7794868	5962142	5796518	7749074	27302602	15194	9412	7651	9567	2986	3351	2937	3572	2895	3048	3049	5152	793	823	328	308	1390	1335	265	242	0
*	*	5p	-	32	7779690	5912283	5704077	7673056	27069106	15390	9207	7718	9834	3009	3199	2944	3458	2848	3259	2922	5138	840	887	353	295	1357	1355	276	254	0
*	*	5p	-	33	7678836	5800181	5613836	7685142	26777995	16039	9072	7202	10425	2831	2845	3161	3724	3130	3328	3094	5053	840	838	385	314	1413	1377	265	227	0
*	*	5p	-	34	7573577	5722072	5524809	7597062	26417520	16990	9113	7118	9860	2811	2948	3144	3953	2922	3292	3049	4991	798	874	321	330	1406	1420	278	247	0
*	*	5p	-	35	7596259	5603978	5427200	7350215	25977652	17821	9080	7614	9931	3102	3021	3380	4036	2997	3084	3030	4928	861	831	351	334	1392	1411	278	258	0
*	*	5p	-	36	7475568	5431038	5298763	7253925	25459294	17564	8735	7189	10068	3102	3344	2864	3863	2876	3378	2924	4775	793	847	344	329	1320	1395	270	267	0
*	*	5p	-	37	7346541	5193582	5133095	7178701	24851919	18091	8114	7575	10361	2892	3454	2730	3789	2984	3466	2807	4657	884	880	322	309	1428	1452	257	244	0
*	*	5p	-	38	7111103	5028467	4954333	7074532	24168435	18220	8031	7078	10574	2807	3088	2801	3715	2893	3538	3012	4850	810	880	317	300	1406	1427	239	256	0
*	*	5p	-	39	6869020	4956214	4779357	6806558	23411149	18147	8126	6881	10063	2866	3067	3082	3931	2799	3490	2810	4578	779	849	327	261	1331	1475	229	217	0
*	*	5p	-	40	6645086	4769512	4647162	6528407	22590167	18636	8176	6702	9975	2775	3126	2968	4217	2618	3287	2784	4512	777	795	344	255	1315	1354	222	252	0
*	*	5p	-	41	6481610	4524618	4358613	6357942	21722783	18367	7463	6610	10132	2922	3379	2658	3893	2637	3396	2637	4292	816	776	308	253	1296	1397	232	253	0
*	*	5p	-	42	6223480	4291148	4167067	6135330	20817025	17739	7067	6456	9961	2753	3307	2526	3617	2644	3402	2558	4215	753	738	359	230	1294	1310	234	229	0
*	*	5p	-	43	5880714	4051018	3984242	5955932	19871906	17384	6789	6191	9800	2557	3022	2477	3559	2662	3492	2514	4055	747	730	311	258	1201	1206	225	236	0
*	*	5p	-	44	5600901	3886642	3797834	5611778	18897155	17307	6937	5980	9139	2716	2872	2663	3625	2690	3236	2481	3824	683	732	294	236	1160	1180	211	181	0
*	*	5p	-	45	5377778	3675907	3570284	5288472	17912441	16950	6516	5693	8793	2548	2899	2445	3852	2330	3074	2517	3653	631	684	294	231	1129	1173	203	221	0
*	*	5p	-	46	5142755	3408973	3343175	5030118	16925021	16484	6069	5567	8592	2397	3151	2120	3389	2197	3014	2157	3555	654	686	245	185	1089	1126	205	152	0
*	*	5p	-	47	4814571	3175404	3154305	4791717	15935997	15757	5527	5297	8253	2347	2946	1985	3019	2185	3194	1988	3298	569	584	227	181	1009	1078	161	171	0
*	*	5p	-	48	4464927	2986239	2976830	4515339	14943335	15339	5272	4875	8040	1963	2583	1950	2995	2091	3034	2002	3255	597	580	223	207	979	1001	161	153	0
*	*	5p	-	49	4190110	2843301	2777515	4155243	13966169	14310	5268	4488	7317	1909	2551	2000	2936	1952	2759	1892	2962	471	524	199	159	927	922	160	135	0
*	*	5p	-	50	3938745	2656173	2575371	3844636	13014925	13918	4843	4389	7082	1901	2557	1923	2958	1791	2436	1909	2960	456	465	227	160	854	863	141	145	0
*	*	5p	-	51	3698200	2404646	2374726	3622585	12100157	13073	4459	4177	6605	1842	2456	1566	2660	1756	2486	1667	2643	432	449	196	165	800	816	154	146	0
*	*	5p	-	52	3415942	2201858	2236253	3366928	11220981	12438	4023	3796	6145	1661	2263	1497	2398	1763	2347	1576	2538	381	430	180	144	781	746	120	111	0
*	*	5p	-	53	3138027	2043848	2053690	3147219	10382784	11635	3753	3736	5911	1507	2034	1488	2202	1590	2246	1492	2367	342	380	147	140	705	682	115	110	0
*	*	5p	-	54	2896019	1899350	1892422	2905542	9593333	10717	3635	3343	5433	1486	1822	1536	2239	1452	2191	1499	2099	351	345	157	130	647	646	90	96	0
*	*	5p	-	55	2704565	1751658	1750347	2639777	8846347	10379	3540	3313	5028	1431	1962	1395	2092	1338	1914	1336	2045	326	326	150	117	589	529	95	97	0
*	*	5p	-	56	2482871	1608363	1596874	2454515	8142623	9549	3103	2972	4822	1265	1749	1188	1969	1295	1956	1194	1876	295	311	137	133	546	538	100	86	0
*	*	5p	-	57	2306064	1453777	1459096	2263324	7482261	8804	2764	2725	4281	1100	1674	1064	1670	1269	1674	1119	1728	250	326	128	109	490	482	82	109	0
*	*	5p	-	58	2090238	1338197	1347498	2086007	6861940	8307	2621	2434	4184	988	1464	1012	1564	1184	1716	1007	1636	233	289	98	103	443	441	73	106	0
*	*	5p	-	59	1914218	1239415	1235844	1891549	6281026	7777	2433	2304	3686	1017	1305	1035	1538	993	1525	985	1540	242	224	84	97	421	396	75	76	0
*	*	5p	-	60	1760142	1141891	1139206	1698723	5739962	7422	2329	2261	3331	986	1332	1022	1487	980	1279	924	1474	198	214	117	87	415	385	74	72	0
*	*	5p	-	61	1617569	1025354	1030905	1567979	5241807	6749	2111	2111	2987	939	1293	873	1349	897	1422	829	1204	192	232	102	80	372	348	54	82	0
*	*	5p	-	62	1472652	927046	934308	1451373	4785379	6046	1874	1888	2930	841	1151	802	1168	901	1239	748	1282	148	216	92	72	312	348	65	73	0
*	*	5p	-	63	1329854	849624	851460	1336393	4367331	5646	1845	1716	2773	752	1031	717	1122	886	1246	713	1128	190	185	92	70	287	313	50	53	0
*	*	5p	-	64	1216290	780167	779039	1209183	3984679	5134	1712	1651	2419	726	986	690	1125	689	1098	727	982	131	151	78	41	270	263	60	60	0
*	*	5p	-	65	1120736	710750	716826	1086070	3634382	4919	1571	1588	2202	692	918	713	1031	724	921	684	1009	118	154	58	52	251	260	53	69	0
*	*	5p	-	66	1022981	640496	653061	999166	3315704	4400	1449	1441	2063	675	897	609	975	617	952	533	874	115	137	49	35	212	239	47	58	0
*	*	5p	-	67	942092	579761	591890	909905	3023648	3832	1296	1309	1865	514	840	520	766	574	826	487	778	95	127	62	37	209	198	58	45	0
*	*	5p	-	68	846400	529002	542513	838372	2756287	3607	1158	1200	1760	501	686	518	820	512	786	499	697	96	120	58	35	184	180	46	41	0
*	*	5p	-	69	769196	486912	496221	759218	2511547	3273	1154	1033	1632	473	656	456	684	478	794	488	674	115	96	39	46	202	157	37	58	0
*	*	5p	-	70	705692	447062	454031	681347	2288132	3002	1006	1022	1473	431	625	435	677	418	620	444	570	102	93	42	39	171	154	33	41	0
