Sample	Library	End	Std	Pos	A	C	G	T	Total	G>A	C>T	A>G	T>C	A>C	A>T	C>G	C>A	T>G	T>A	G>C	G>T	A>-	T>-	C>-	G>-	->A	->T	->C	->G	S
*	*	3p	+	1	3121577	2099335	3494865	3476651	12192428	909335	5168	6375	14589	2468	4017	2580	4669	3237	5794	1868	3040	0	0	0	0	0	0	0	0	17
*	*	3p	+	2	3840833	2528258	2295398	3527912	12192401	513802	5609	4039	11257	2823	3539	1458	4946	2472	5447	2231	3058	4	5	7	5	9	5	12	6	17
*	*	3p	+	3	3511635	2261829	2730700	3688422	12192586	536707	5542	4574	9605	2258	3235	1714	5188	2444	4265	2055	3068	12	8	17	13	14	25	18	20	16
*	*	3p	+	4	3601221	2280131	2648248	3663093	12192693	453198	5190	4328	8584	2110	2756	1866	5176	2342	3642	1841	2800	12	12	8	23	30	40	25	24	0
*	*	3p	+	5	3438680	2525700	2489896	3738170	12192446	366308	4853	4048	8984	2257	2538	1688	4254	2136	3379	2131	2837	18	11	8	4	74	70	45	34	0
*	*	3p	+	6	3587935	2428543	2495664	3679792	12191934	330159	4546	4085	7874	1727	2225	1601	3679	1976	2930	1704	2573	17	21	12	24	266	202	147	137	0
*	*	3p	+	7	3627053	2422783	2568531	3573338	12191705	314197	4708	3704	7514	1746	1990	1511	3228	1782	2559	1507	2528	98	116	58	165	348	265	179	179	0
*	*	3p	+	8	3884088	2238898	2712018	3356533	12191537	300339	4545	3974	6158	1465	1639	1467	3097	1706	2837	1453	2400	131	195	107	166	468	292	183	205	0
*	*	3p	+	9	3917580	2347914	2654720	3271372	12191586	259605	4744	3796	6174	1683	1359	1534	2939	1721	2390	1633	1991	164	161	146	226	466	260	167	188	0
*	*	3p	+	10	3637104	2458139	2711910	3384700	12191853	230116	4724	3569	5949	1440	1381	1467	2668	1625	2177	1508	2173	146	197	194	212	442	277	137	139	0
*	*	3p	+	11	3623488	2424004	2710405	3434148	12192045	207379	4713	3844	5542	1387	1279	1517	2532	1606	1974	1387	2157	174	165	186	252	363	196	112	134	0
*	*	3p	+	12	3580248	2471132	2692175	3448423	12191978	184236	4791	3760	5381	1473	1347	1330	2231	1464	1829	1327	2019	178	211	183	246	314	202	101	99	0
*	*	3p	+	13	3542695	2461932	2703673	3483711	12192011	171769	4677	3686	5380	1301	1319	1395	2120	1598	1777	1585	2114	184	195	174	268	276	214	81	119	0
*	*	3p	+	14	3518458	2481003	2736178	3456547	12192186	160244	4863	3664	4916	1325	1333	1446	2274	1461	1723	1455	2016	197	233	169	265	282	167	108	105	0
*	*	3p	+	15	3500399	2461685	2739194	3490854	12192132	149491	4837	3517	4888	1292	1338	1415	2094	1497	1792	1310	2255	229	237	178	216	332	211	81	95	0
*	*	3p	+	16	3526358	2465781	2713947	3485869	12191955	141190	4862	3728	4772	1258	1313	1479	2138	1474	1769	1380	2106	224	258	178	250	320	250	81	106	0
*	*	3p	+	17	3529926	2488100	2714530	3459414	12191970	136741	4536	3658	4911	1263	1383	1394	1985	1444	1607	1310	2068	328	344	139	273	383	272	115	98	0
*	*	3p	+	18	3492479	2520201	2728171	3450914	12191765	130382	4944	3934	4508	1331	1213	1305	1853	1500	1547	1430	2262	301	322	176	228	424	307	95	120	0
*	*	3p	+	19	3489072	2523909	2728603	3450358	12191942	124335	4827	3794	4879	1269	1228	1453	1861	1528	1507	1427	2125	341	359	136	232	408	280	99	121	0
*	*	3p	+	20	3455581	2540339	2728767	3467165	12191852	121639	5323	3583	4547	1375	1129	1382	2009	1561	1549	1334	2274	313	431	198	239	448	340	104	107	0
*	*	3p	+	21	3494106	2506168	2736043	3455558	12191875	118390	5003	3703	4605	1274	1334	1465	1803	1391	1533	1286	2213	359	377	182	224	394	365	114	104	0
*	*	3p	+	22	3541377	2482496	2697148	3470755	12191776	112493	5242	3784	4414	1325	1175	1326	1751	1446	1513	1203	2308	355	450	186	215	458	375	98	145	0
*	*	3p	+	23	3534876	2474207	2721849	3460845	12191777	109393	5454	3724	4279	1296	1171	1264	1825	1457	1569	1320	2273	314	422	163	240	479	435	78	86	0
*	*	3p	+	24	3512485	2512401	2701271	3465652	12191809	104178	5436	3505	4204	1258	1202	1415	1788	1439	1294	1318	2381	351	511	158	244	424	381	103	132	0
*	*	3p	+	25	3510226	2491142	2694299	3496131	12191798	99985	5704	3515	4341	1287	1294	1364	1724	1552	1543	1307	2342	396	491	173	252	435	449	86	82	0
*	*	3p	+	26	3551124	2475616	2697005	3467945	12191690	94898	5561	3570	4357	1292	1314	1257	1604	1373	1418	1214	2236	421	501	184	193	490	451	117	110	0
*	*	3p	+	27	3556565	2495484	2663044	3476556	12191649	89358	5716	3479	4396	1298	1242	1288	1725	1479	1467	1228	2393	437	502	156	254	449	524	117	112	0
*	*	3p	+	28	3537961	2485433	2697779	3470457	12191630	85232	5838	3710	3967	1386	1226	1308	1659	1477	1434	1407	2329	462	578	167	196	464	550	100	108	0
*	*	3p	+	29	3515435	2504758	2693865	3477569	12191627	80764	6082	3775	4173	1311	1256	1343	1667	1433	1343	1318	2482	447	594	152	246	512	491	109	117	0
*	*	3p	+	30	3483028	2499924	2689268	3519437	12191657	76037	6300	3504	4161	1322	1144	1378	1608	1478	1636	1372	2344	514	542	170	222	535	462	90	107	0
*	*	3p	+	31	3519880	2483400	2682620	3488599	12174499	71152	6589	3708	4328	1467	1221	1399	1565	1453	1378	1474	2441	500	555	155	200	516	471	106	103	0
*	*	3p	+	32	3564568	2443246	2677698	3464639	12150151	65930	6632	3642	3947	1299	1322	1261	1548	1415	1519	1233	2272	469	541	171	252	469	560	90	95	0
*	*	3p	+	33	3538781	2438906	2671820	3468499	12118006	61158	6814	3687	4066	1360	1176	1192	1602	1319	1460	1302	2318	463	582	148	230	538	502	114	106	0
*	*	3p	+	34	3544381	2446537	2644434	3441129	12076481	57704	7077	3849	3708	1333	1181	1430	1510	1472	1268	1384	2325	456	518	152	215	464	525	95	107	0
*	*	3p	+	35	3484721	2421158	2611018	3505236	12022133	53162	7371	3585	3957	1330	1241	1296	1517	1403	1454	1351	2394	480	506	143	153	503	541	94	124	0
*	*	3p	+	36	3475954	2409941	2591387	3476149	11953431	48900	7796	3915	3830	1366	1329	1314	1488	1386	1292	1335	2544	423	521	139	182	473	560	102	123	0
*	*	3p	+	37	3471802	2369157	2559421	3465800	11866180	45280	7891	3761	3869	1396	1361	1332	1462	1451	1355	1415	2447	488	490	109	193	503	565	93	119	0
*	*	3p	+	38	3446983	2360436	2521990	3430632	11760041	41600	8438	3581	3733	1266	1284	1305	1532	1470	1308	1393	2440	481	589	150	182	553	521	91	101	0
*	*	3p	+	39	3386364	2337888	2520885	3385969	11631106	39821	8596	3590	3579	1346	1340	1255	1403	1369	1290	1381	2474	519	491	148	198	485	487	79	92	0
*	*	3p	+	40	3340414	2295238	2457393	3388862	11481907	36121	8345	3405	3797	1253	1270	1259	1402	1579	1360	1297	2541	448	502	120	182	502	448	111	108	0
*	*	3p	+	41	3343308	2237746	2429542	3301852	11312448	33768	8681	3653	3562	1279	1346	1188	1414	1389	1325	1292	2379	454	500	122	192	442	415	89	121	0
*	*	3p	+	42	3306934	2167480	2381662	3266293	11122369	30975	9222	3504	3705	1255	1218	1240	1425	1396	1417	1196	2383	499	459	127	148	521	400	71	97	0
*	*	3p	+	43	3257896	2120551	2342306	3188634	10909387	28296	9216	3380	3182	1353	1195	1257	1339	1288	1232	1234	2347	485	443	161	173	463	487	75	94	0
*	*	3p	+	44	3182490	2089447	2268396	3135627	10675960	26065	9850	3402	3306	1233	1342	1287	1322	1297	1376	1118	2509	431	451	121	150	438	413	87	112	0
*	*	3p	+	45	3116638	2010881	2195602	3097169	10420290	24172	9922	3137	3385	1218	1220	1234	1166	1322	1453	1222	2303	375	388	138	165	411	384	84	87	0
*	*	3p	+	46	3057150	1954912	2119442	3012009	10143513	21968	9589	3387	3027	1201	1304	1175	1311	1267	1315	1060	2331	371	430	116	137	429	443	88	93	0
*	*	3p	+	47	2970900	1898907	2048803	2926202	9844812	19865	9554	3211	2896	1198	1105	973	1208	1209	1246	1071	2081	402	379	90	123	421	428	71	87	0
*	*	3p	+	48	2845982	1857787	1973316	2847810	9524895	18566	9961	3049	2899	1182	1204	1101	1194	1248	1255	1097	1986	385	326	92	126	417	335	95	110	0
*	*	3p	+	49	2735854	1783623	1927548	2737325	9184350	17422	9955	2859	2808	1161	1171	1152	1197	1112	1061	1027	2202	362	353	109	146	385	369	60	53	0
*	*	3p	+	50	2628483	1715029	1848155	2635777	8827444	15917	9704	2774	2680	1142	1046	963	1043	1110	1263	990	1995	328	344	85	103	352	349	68	80	0
*	*	3p	+	51	2543119	1613121	1778972	2526562	8461774	14472	9545	2824	2473	1061	1066	925	985	1000	1076	856	1848	347	350	100	125	354	332	44	72	0
*	*	3p	+	52	2461495	1531897	1679822	2421655	8094869	13309	9243	2513	2333	1102	1086	860	999	976	1132	840	1765	323	334	90	86	309	308	64	73	0
*	*	3p	+	53	2337914	1467645	1614669	2304973	7725201	12158	9016	2412	2344	993	962	874	968	998	1025	883	1650	304	265	73	104	294	265	59	58	0
*	*	3p	+	54	2225669	1402723	1530972	2197565	7356929	11071	8748	2387	2198	969	926	838	897	911	965	833	1642	249	274	51	85	300	245	61	69	0
*	*	3p	+	55	2109952	1321181	1443878	2117595	6992606	10099	8752	2256	2170	833	911	858	850	937	1077	744	1528	262	236	67	84	270	272	54	57	0
*	*	3p	+	56	2008116	1264476	1359927	1998481	6631000	8912	8306	2219	1930	821	942	764	884	882	944	701	1511	198	230	63	78	251	217	23	61	0
*	*	3p	+	57	1919486	1169933	1289304	1891069	6269792	8414	7844	2148	1848	849	822	682	696	846	822	658	1324	189	244	68	87	199	248	44	51	0
*	*	3p	+	58	1798514	1115945	1222080	1777874	5914413	7833	7775	1959	1832	712	759	658	795	764	788	743	1403	192	258	51	63	196	197	38	26	0
*	*	3p	+	59	1688752	1048442	1147439	1675527	5560160	7344	7705	1916	1762	713	721	627	736	645	655	727	1344	176	192	38	84	182	174	38	47	0
*	*	3p	+	60	1567951	991066	1074814	1582638	5216469	6525	7328	1719	1525	624	643	588	701	650	719	502	1251	177	174	34	63	155	154	18	35	0
*	*	3p	+	61	1486790	914223	1006926	1476943	4884882	6275	6882	1619	1484	632	681	568	571	637	675	578	1157	136	125	32	52	181	146	20	40	0
*	*	3p	+	62	1393914	859591	934585	1380722	4568812	5730	6492	1481	1342	547	588	495	634	635	702	466	965	98	128	28	52	131	139	23	39	0
*	*	3p	+	63	1301605	796671	885308	1285387	4268971	5148	5820	1524	1344	528	628	479	543	552	628	469	924	142	102	45	52	155	116	17	30	0
*	*	3p	+	64	1217662	740807	823931	1200561	3982961	4805	5854	1338	1143	603	531	450	545	525	573	450	971	150	121	28	33	119	98	18	34	0
*	*	3p	+	65	1131173	691040	754589	1131895	3708697	4456	5449	1284	1105	479	527	398	493	502	541	361	952	73	107	24	43	103	102	22	15	0
*	*	3p	+	66	1057934	646087	697490	1047661	3449172	4153	5129	1053	971	487	504	408	455	406	484	400	819	97	102	50	27	99	99	6	19	0
*	*	3p	+	67	982709	599121	641196	981322	3204348	3772	4801	1105	1028	398	475	313	387	410	451	362	720	72	94	20	29	88	88	20	19	0
*	*	3p	+	68	907849	557570	600762	904697	2970878	3444	4506	1075	844	397	388	312	447	372	377	333	679	89	82	14	36	83	96	15	7	0
*	*	3p	+	69	835307	519439	557099	838359	2750204	2996	4401	917	805	327	394	295	411	363	420	296	635	67	73	19	8	72	66	9	4	0
*	*	3p	+	70	771271	474657	514417	780610	2540955	2753	3911	864	820	313	326	230	363	349	418	300	585	62	73	9	18	71	76	16	20	0
*	*	3p	-	1	3152413	2094909	3524085	3466266	12237673	916768	4955	6593	14323	2602	4031	2604	4725	3393	5800	2071	3109	0	0	0	0	0	0	0	0	30
*	*	3p	-	2	3883855	2529284	2315836	3508634	12237609	519730	5692	4134	11343	2713	3566	1443	5145	2432	5378	2352	3139	14	6	3	11	60	27	27	15	29
*	*	3p	-	3	3540676	2255880	2756412	3684645	12237613	543498	5213	4754	9143	2433	3192	1807	5191	2221	4203	2125	2921	30	28	17	26	117	68	26	55	15
*	*	3p	-	4	3639712	2270167	2672226	3655259	12237364	459479	5312	4593	8445	2059	2846	1829	5287	2310	3554	1954	2732	37	41	17	43	300	258	85	92	1
*	*	3p	-	5	3474760	2521981	2514459	3725512	12236712	369807	4996	3893	8836	2142	2560	1677	4290	1992	3372	2124	2780	112	192	54	109	508	454	196	132	0
*	*	3p	-	6	3629181	2423213	2516359	3667525	12236278	333664	4605	4099	7695	1883	2185	1743	3735	1976	3005	1712	2707	281	227	79	142	798	533	217	201	0
*	*	3p	-	7	3668947	2422690	2588395	3556054	12236086	316944	4683	3800	7312	1741	2153	1492	3100	1651	2540	1590	2431	413	382	113	220	841	612	205	248	0
*	*	3p	-	8	3919291	2233036	2735176	3348661	12236164	303021	4503	3911	6266	1429	1702	1496	3136	1801	2575	1511	2316	421	407	149	293	857	562	188	251	0
*	*	3p	-	9	3952825	2338845	2685093	3259659	12236422	263813	4654	3849	6164	1703	1379	1558	3047	1718	2272	1794	2093	461	470	182	359	733	499	196	187	0
*	*	3p	-	10	3674649	2448994	2737633	3375268	12236544	233030	4682	3601	5952	1406	1372	1434	2692	1620	2205	1339	2240	490	640	233	363	699	632	140	166	0
*	*	3p	-	11	3659082	2416897	2735910	3424910	12236799	210814	4521	3831	5626	1415	1439	1495	2488	1555	1936	1519	2089	448	719	184	307	574	531	126	151	0
*	*	3p	-	12	3620470	2470794	2711753	3433726	12236743	187196	4802	3578	5611	1337	1298	1323	2374	1517	1736	1338	2040	458	651	183	310	540	550	104	137	0
*	*	3p	-	13	3584827	2456703	2722857	3472330	12236717	172520	4690	3797	5072	1370	1390	1374	2191	1622	1754	1373	2187	538	625	228	307	517	569	99	146	0
*	*	3p	-	14	3553729	2468014	2766025	3449258	12237026	161990	4725	3721	4923	1279	1309	1479	2110	1586	1740	1534	2089	498	511	199	355	464	461	78	147	0
*	*	3p	-	15	3536461	2457704	2761600	3481208	12236973	151935	4878	3650	4972	1265	1209	1433	2025	1495	1757	1347	2225	541	612	154	306	485	491	113	107	0
*	*	3p	-	16	3553580	2460553	2742514	3480186	12236833	143197	4985	3684	4808	1268	1251	1415	2076	1487	1729	1341	2290	488	551	146	255	500	493	108	106	0
*	*	3p	-	17	3566781	2486574	2739524	3444100	12236979	136882	4859	3755	4763	1325	1305	1305	1949	1606	1560	1280	2084	458	640	172	280	509	490	99	105	0
*	*	3p	-	18	3530956	2514388	2752726	3438712	12236782	132023	5100	3849	4458	1435	1317	1362	1937	1430	1469	1435	2275	524	504	183	263	490	553	103	105	0
*	*	3p	-	19	3523037	2520009	2753681	3440233	12236960	127241	4919	3745	4677	1411	1273	1397	1842	1498	1559	1407	2136	522	584	181	307	528	459	118	112	0
*	*	3p	-	20	3488385	2537395	2752952	3458079	12236811	121993	5060	3619	4684	1301	1289	1495	1868	1375	1714	1402	2198	532	544	212	303	619	521	99	130	0
*	*	3p	-	21	3525430	2499447	2758706	3453339	12236922	119362	5156	3702	4492	1280	1249	1309	1776	1413	1645	1279	2174	513	573	160	264	542	497	107	116	0
*	*	3p	-	22	3576661	2480460	2718499	3461271	12236891	114254	5367	3704	4541	1327	1301	1313	1789	1458	1583	1310	2167	583	573	155	235	585	468	108	125	0
*	*	3p	-	23	3574737	2474716	2736328	3451107	12236888	109904	5449	3793	4320	1277	1276	1416	1758	1332	1570	1373	2384	567	576	171	243	545	537	95	118	0
*	*	3p	-	24	3545749	2507840	2728817	3454519	12236925	105175	5384	3612	4336	1238	1258	1323	1903	1447	1368	1372	2542	546	566	191	220	521	511	103	113	0
*	*	3p	-	25	3544513	2488791	2716742	3486915	12236961	100281	5797	3597	4562	1237	1274	1307	1883	1445	1534	1392	2407	490	562	179	243	513	464	105	132	0
*	*	3p	-	26	3580217	2473115	2715140	3468471	12236943	95882	5510	3779	4507	1349	1253	1377	1822	1408	1461	1314	2212	468	452	168	236	532	484	114	98	0
*	*	3p	-	27	3592108	2497568	2681580	3465777	12237033	89534	5861	3682	4467	1406	1371	1397	1701	1434	1390	1318	2328	464	453	132	236	568	344	96	137	0
*	*	3p	-	28	3577272	2482589	2720701	3456495	12237057	85746	6007	3577	4110	1244	1260	1367	1530	1434	1345	1475	2472	517	450	159	189	517	431	95	81	0
*	*	3p	-	29	3547027	2499259	2722908	3467826	12237020	81554	6033	3747	4005	1383	1260	1363	1594	1527	1468	1301	2491	482	457	140	200	489	435	101	134	0
*	*	3p	-	30	3516907	2491875	2716047	3512314	12237143	75639	6380	3677	4116	1269	1270	1419	1750	1432	1547	1355	2416	457	484	157	226	422	405	89	114	0
*	*	3p	-	31	3558000	2483789	2702562	3475845	12220196	70778	6644	3708	4094	1694	1246	1525	1619	1460	1447	1501	2495	458	470	155	233	454	361	74	111	0
*	*	3p	-	32	3600544	2442834	2698290	3454301	12195969	66364	6767	3837	4108	1354	1411	1278	1556	1411	1511	1340	2344	464	373	175	227	449	383	98	78	0
*	*	3p	-	33	3572879	2435815	2697026	3458269	12163989	61841	6858	3648	3828	1370	1351	1364	1537	1439	1460	1429	2467	457	363	152	211	448	361	93	114	0
*	*	3p	-	34	3574666	2441597	2672859	3433079	12122201	57155	7249	3814	3862	1349	1354	1431	1457	1375	1444	1401	2433	424	389	155	171	431	352	94	87	0
*	*	3p	-	35	3520585	2418203	2629777	3499693	12068258	52658	7739	3705	4079	1312	1219	1389	1577	1440	1459	1316	2426	412	400	163	145	364	388	81	106	0
*	*	3p	-	36	3512875	2403934	2616290	3465905	11999004	49770	7980	3898	3848	1303	1219	1320	1606	1448	1347	1299	2484	341	366	145	232	391	395	102	99	0
*	*	3p	-	37	3508688	2366215	2580045	3457962	11912910	45910	7995	3731	3931	1466	1295	1237	1394	1414	1471	1361	2490	369	388	113	196	434	389	69	120	0
*	*	3p	-	38	3484697	2359676	2543069	3418654	11806096	42239	8154	3734	3626	1359	1354	1462	1396	1351	1330	1420	2482	353	364	117	218	354	332	78	120	0
*	*	3p	-	39	3421799	2332031	2546046	3377265	11677141	40136	8555	3725	3626	1296	1308	1271	1370	1416	1393	1338	2452	418	285	106	174	308	314	92	93	0
*	*	3p	-	40	3374943	2292266	2481598	3379570	11528377	36961	8753	3463	3660	1332	1264	1390	1441	1458	1441	1333	2321	380	386	163	170	356	371	74	81	0
*	*	3p	-	41	3382838	2233472	2448615	3293600	11358525	34354	9180	3878	3437	1318	1262	1238	1315	1318	1354	1249	2487	340	346	106	158	296	335	63	106	0
*	*	3p	-	42	3346918	2158697	2399164	3262459	11167238	31588	9269	3618	3538	1302	1235	1227	1379	1320	1352	1225	2435	311	303	88	119	343	246	52	104	0
*	*	3p	-	43	3293306	2120133	2365966	3175496	10954901	29355	9139	3680	3220	1386	1410	1164	1304	1266	1359	1246	2361	294	263	88	122	334	256	72	97	0
*	*	3p	-	44	3219615	2078673	2297474	3126563	10722325	26680	9523	3427	3263	1245	1320	1228	1143	1317	1230	1290	2402	229	278	92	107	267	254	71	69	0
*	*	3p	-	45	3149783	2005771	2214116	3095840	10465510	23898	9839	3253	3432	1351	1341	1192	1289	1267	1399	1289	2431	256	260	85	107	277	293	68	76	0
*	*	3p	-	46	3090923	1951491	2145100	3001126	10188640	22245	9978	3322	3023	1266	1242	1171	1137	1272	1257	1095	2292	241	244	109	77	222	243	58	80	0
*	*	3p	-	47	3009215	1894803	2068473	2916114	9888605	20988	9543	2985	2994	1192	1237	1116	1112	1195	1203	1135	2139	173	211	75	149	201	204	64	83	0
*	*	3p	-	48	2878772	1852578	1998085	2839004	9568439	19113	10136	3196	2834	1154	1106	1119	1192	1191	1223	1057	2132	223	199	95	103	193	185	49	69	0
*	*	3p	-	49	2764855	1782314	1946194	2732991	9226354	17551	9942	2960	2714	1143	1179	1042	1068	1197	1175	1098	2073	222	187	90	85	170	191	34	52	0
*	*	3p	-	50	2656236	1709882	1869514	2631984	8867616	16003	9837	2942	2839	1069	1135	1022	1161	1114	1129	943	1974	165	186	69	100	175	159	37	63	0
*	*	3p	-	51	2570699	1613926	1795721	2520595	8500941	14260	9691	2808	2688	1089	1247	951	1050	1030	1058	1011	1903	168	195	80	90	142	179	35	41	0
*	*	3p	-	52	2493158	1530873	1697624	2410911	8132566	13421	9313	2733	2428	1053	1072	920	965	1015	1089	837	1817	189	163	73	93	151	132	35	37	0
*	*	3p	-	53	2367372	1465128	1631594	2297655	7761749	12480	8703	2770	2288	980	1022	905	930	1021	942	996	1835	164	140	61	61	142	115	50	39	0
*	*	3p	-	54	2251435	1400502	1543208	2196981	7392126	11575	8883	2450	2157	924	997	896	890	861	878	727	1796	110	118	57	74	144	145	17	55	0
*	*	3p	-	55	2132288	1319918	1460113	2113910	7026229	10528	8636	2179	2163	846	983	814	871	897	969	841	1644	128	114	43	91	104	115	46	32	0
*	*	3p	-	56	2029658	1263511	1376600	1994847	6664616	9409	8453	2094	2060	820	894	747	864	820	901	674	1512	111	117	48	58	133	106	40	44	0
*	*	3p	-	57	1942508	1169805	1303721	1885096	6301130	8842	7752	2174	1929	806	906	667	796	829	808	600	1427	74	81	45	42	98	100	18	26	0
*	*	3p	-	58	1817974	1115394	1239269	1771523	5944160	8169	7935	1976	1833	803	811	672	729	745	728	686	1361	81	72	20	57	77	107	25	25	0
*	*	3p	-	59	1714160	1045897	1163540	1666075	5589672	7401	7565	2114	1578	765	748	706	656	644	670	619	1263	66	79	24	51	97	78	10	21	0
*	*	3p	-	60	1589865	989918	1085712	1579829	5245324	6970	7277	1759	1620	693	773	624	669	690	780	549	1188	76	73	31	40	79	82	30	20	0
*	*	3p	-	61	1507983	917250	1018543	1469351	4913127	6311	6965	1623	1474	656	642	514	612	659	634	542	1107	83	97	21	34	61	61	13	14	0
*	*	3p	-	62	1415574	854885	945176	1381200	4596835	5542	6493	1515	1421	556	617	495	558	544	612	480	1004	55	93	21	31	56	43	13	34	0
*	*	3p	-	63	1323433	795577	895805	1279724	4294539	5305	6028	1501	1315	570	540	520	496	577	582	486	1014	61	73	34	37	34	71	19	33	0
*	*	3p	-	64	1234294	743328	830563	1200058	4008243	4772	6003	1315	1234	483	606	489	494	508	516	530	893	64	75	22	35	60	51	14	21	0
*	*	3p	-	65	1146244	691590	762684	1132349	3732867	4576	5727	1252	1205	454	567	463	532	531	537	376	914	61	41	24	26	51	36	6	8	0
*	*	3p	-	66	1073986	646231	703940	1047297	3471454	4145	5317	1240	1080	437	479	359	428	429	463	358	775	64	44	20	25	54	43	10	11	0
*	*	3p	-	67	1000459	598300	648253	978410	3225422	3732	4942	1127	1096	398	517	359	450	387	440	267	809	33	40	15	21	21	38	9	19	0
*	*	3p	-	68	918215	560103	608822	903401	2990541	3431	4554	1034	888	429	445	334	421	323	430	318	703	44	50	27	13	33	40	10	0	0
*	*	3p	-	69	845169	521716	563177	837778	2767840	3345	4437	852	825	371	455	322	358	369	412	277	632	39	36	14	15	45	35	3	12	0
*	*	3p	-	70	782473	475848	520945	778666	2557932	2903	3892	852	825	308	337	311	310	370	442	281	595	25	21	9	9	28	21	12	6	0
*	*	5p	+	1	3755034	2869933	2338030	3229718	12192715	4996	75010	4225	5882	2840	3229	1514	2320	2208	3100	2314	3021	0	0	0	0	0	0	0	0	2
*	*	5p	+	2	3578090	1887526	2885696	3841355	12192667	4478	34673	5854	3650	2444	2878	1925	2112	2416	2611	1204	3143	1	1	0	0	26	29	3	10	2
*	*	5p	+	3	3807786	2317547	2532028	3535272	12192633	4491	27473	4418	4083	1836	2263	1642	2035	2057	2593	1460	3315	16	12	2	11	69	55	15	21	0
*	*	5p	+	4	3767370	2300910	2503157	3620834	12192271	4242	21482	4415	3906	1889	1843	1561	1830	1693	2011	1493	3717	32	55	26	17	190	213	62	83	0
*	*	5p	+	5	3789253	2216997	2718710	3466862	12191822	4099	15411	4524	3391	1685	1670	1586	1714	1728	1715	1316	3311	191	155	59	50	406	395	98	106	0
*	*	5p	+	6	3748789	2240826	2593741	3608503	12191859	3717	12781	4141	3723	1490	1676	1456	1584	1609	1573	1417	2994	232	315	49	66	368	415	79	119	0
*	*	5p	+	7	3649936	2322357	2606747	3612870	12191910	3618	10558	3953	3468	1537	1414	1361	1491	1512	1680	1246	2538	306	367	57	86	357	415	72	90	0
*	*	5p	+	8	3442916	2444761	2418868	3885361	12191906	3432	10954	3580	3748	1548	1584	1349	1353	1360	1486	1469	2909	279	334	72	87	385	361	97	99	0
*	*	5p	+	9	3343241	2408760	2530422	3909525	12191948	3414	10416	3810	3738	1536	1422	1382	1263	1412	1296	1556	2822	326	354	100	122	339	384	76	96	0
*	*	5p	+	10	3435824	2487049	2633800	3635131	12191804	3286	8672	3898	3546	1466	1338	1265	1269	1478	1285	1403	2812	419	366	91	153	428	403	100	116	0
*	*	5p	+	11	3507012	2490474	2582546	3611760	12191792	3270	8096	3924	3552	1570	1446	1328	1288	1619	1280	1393	2481	474	404	98	91	445	385	103	100	0
*	*	5p	+	12	3498646	2503737	2633641	3555880	12191904	3262	7876	4167	3499	1476	1346	1552	1231	1870	1341	1241	2510	425	437	135	138	380	384	79	100	0
*	*	5p	+	13	3534311	2501873	2631056	3524609	12191849	3501	7657	3869	3603	1596	1287	1402	1355	1413	1294	1345	2514	464	425	144	135	446	363	86	111	0
*	*	5p	+	14	3509584	2538317	2637819	3506148	12191868	3417	7406	3578	3645	1474	1192	1423	1298	1420	1219	1391	2712	373	419	127	123	393	370	98	121	0
*	*	5p	+	15	3528316	2541054	2632025	3490296	12191691	4035	7192	3938	3481	1409	1219	1234	1314	1381	1194	1396	2580	463	398	125	134	522	447	91	101	0
*	*	5p	+	16	3531544	2531447	2634605	3494029	12191625	5025	7069	4081	3640	1384	1287	1565	1355	1609	1292	1488	2543	471	411	108	143	490	469	90	136	0
*	*	5p	+	17	3503700	2524460	2656434	3507069	12191663	6975	6808	4086	3537	1458	1235	1431	1245	1612	1285	1424	2657	457	474	148	120	500	446	137	101	0
*	*	5p	+	18	3475339	2524359	2708333	3483721	12191752	9645	6739	3708	3830	1228	1287	1362	1384	1491	1385	1472	2635	469	445	122	184	432	483	77	103	0
*	*	5p	+	19	3483483	2521767	2717268	3469155	12191673	14078	6561	3878	3652	1337	1202	1429	1268	1511	1302	1280	2575	476	493	107	156	488	473	108	101	0
*	*	5p	+	20	3497767	2521480	2734915	3437418	12191580	20120	6587	3779	3672	1258	1213	1283	1323	1551	1283	1534	2653	461	556	143	153	529	489	100	153	0
*	*	5p	+	21	3502443	2528909	2695100	3465252	12191704	26535	6770	3692	3651	1397	1204	1299	1413	1396	1281	1363	2419	452	551	123	156	485	489	70	109	0
*	*	5p	+	22	3521885	2488856	2680777	3500035	12191553	33520	6298	3900	3697	1251	1341	1317	1374	1355	1325	1331	2487	445	589	124	175	504	551	123	120	0
*	*	5p	+	23	3505535	2498502	2685528	3502005	12191570	41052	6386	3893	3684	1242	1294	1266	1356	1346	1293	1305	2530	465	519	138	183	515	561	97	114	0
*	*	5p	+	24	3512283	2484404	2720112	3474752	12191551	49110	6302	3636	3587	1299	1194	1326	1604	1339	1385	1372	2559	490	537	99	222	500	548	115	141	0
*	*	5p	+	25	3536175	2485848	2699793	3469663	12191479	56432	6251	3876	3673	1401	1290	1424	1538	1295	1356	1421	2517	464	490	122	191	500	545	99	108	0
*	*	5p	+	26	3535250	2482851	2681356	3492133	12191590	63870	6110	3769	3844	1256	1267	1332	1640	1393	1356	1309	2534	438	531	136	203	527	531	84	121	0
*	*	5p	+	27	3528305	2454204	2703957	3505167	12191633	71860	5919	3787	4050	1337	1294	1159	1630	1336	1462	1309	2453	419	507	135	174	457	537	96	131	0
*	*	5p	+	28	3520178	2483657	2692731	3495092	12191658	79943	6112	3611	3931	1314	1138	1407	1624	1341	1428	1438	2486	439	464	140	197	477	504	103	105	0
*	*	5p	+	29	3524575	2479318	2710919	3476844	12191656	88868	5969	3646	4222	1410	1191	1358	1694	1398	1455	1466	2467	410	459	152	241	470	466	102	134	0
*	*	5p	+	30	3561502	2481516	2712414	3436407	12191839	96458	5749	3739	4045	1276	1366	1302	1647	1303	1426	1427	2562	400	428	137	238	421	420	81	94	0
*	*	5p	+	31	3548686	2467360	2689524	3469070	12174640	105478	5759	3790	4326	1336	1317	1257	1734	1395	1527	1401	2264	414	456	167	206	398	466	98	92	0
*	*	5p	+	32	3521179	2464779	2653342	3510875	12150175	112882	5361	3543	4306	1406	1356	1285	1749	1322	1668	1286	2313	401	457	167	235	475	490	80	145	0
*	*	5p	+	33	3509559	2459169	2656382	3493103	12118213	120243	5605	3524	4544	1198	1252	1401	1832	1452	1616	1253	2304	445	503	146	207	453	396	94	106	0
*	*	5p	+	34	3486352	2437159	2660653	3492500	12076664	127920	5621	3431	4589	1243	1262	1378	2012	1422	1565	1463	2365	414	469	111	273	419	415	90	87	0
*	*	5p	+	35	3548977	2404775	2637386	3431312	12022450	135382	5582	3807	4413	1449	1428	1474	2030	1496	1506	1365	2356	378	445	153	254	420	370	66	89	0
*	*	5p	+	36	3511284	2397441	2623609	3421387	11953721	143648	5199	3341	4606	1327	1237	1319	1955	1411	1633	1257	2238	362	482	195	239	425	356	68	119	0
*	*	5p	+	37	3504639	2367815	2582516	3411471	11866441	149712	5276	3909	4724	1355	1389	1439	2127	1648	1752	1242	2204	380	413	151	200	426	387	101	105	0
*	*	5p	+	38	3459676	2324611	2580395	3395595	11760277	158699	5090	3310	4786	1338	1320	1426	2281	1476	1733	1353	2069	356	394	110	228	473	365	98	84	0
*	*	5p	+	39	3416664	2318704	2554175	3341697	11631240	166228	5089	3297	4757	1287	1208	1318	2138	1401	1757	1317	2115	351	454	125	250	414	367	107	119	0
*	*	5p	+	40	3402268	2264037	2523230	3292518	11482053	173625	4767	3478	4829	1384	1343	1248	2048	1393	1701	1342	2040	330	395	183	204	448	395	79	103	0
*	*	5p	+	41	3331031	2236046	2452826	3292156	11312059	177890	4857	3378	5074	1424	1350	1213	2263	1389	1815	1245	2060	317	353	134	224	402	342	87	105	0
*	*	5p	+	42	3292492	2196751	2377753	3255552	11122548	181270	4609	3395	4962	1336	1368	1203	2141	1462	1824	1152	2083	332	364	136	224	415	300	89	85	0
*	*	5p	+	43	3203101	2157843	2343760	3204916	10909620	187588	4641	3243	5026	1252	1324	1278	2258	1461	1906	1114	2045	275	385	169	218	350	312	101	105	0
*	*	5p	+	44	3151894	2088596	2306559	3128557	10675606	193052	4394	3407	4966	1287	1325	1340	2274	1592	1797	1262	1933	242	319	117	216	383	294	115	83	0
*	*	5p	+	45	3110047	2021062	2226747	3062494	10420350	193710	4282	3182	4884	1216	1375	1269	2168	1481	1818	1168	2118	258	288	146	175	386	311	87	103	0
*	*	5p	+	46	3021668	1958497	2162046	3001561	10143772	196472	4172	3026	5123	1281	1224	1077	2081	1342	1814	1195	1885	246	305	118	151	368	244	96	81	0
*	*	5p	+	47	2933283	1888670	2109682	2913465	9845100	199248	4105	2773	4749	1123	1336	1140	2262	1263	1817	1050	1742	194	266	129	151	314	268	59	69	0
*	*	5p	+	48	2853772	1813807	2066692	2790791	9525062	201446	4005	2710	4876	1110	1158	1040	2114	1329	1770	1139	1714	228	229	115	238	301	292	76	92	0
*	*	5p	+	49	2749614	1763394	1990303	2681220	9184531	200746	3643	2682	4704	1067	1247	1127	2042	1215	1688	1005	1755	226	232	129	204	325	220	59	47	0
*	*	5p	+	50	2644882	1693780	1912233	2576686	8827581	198289	3607	2828	4594	1052	1219	1027	1948	1107	1681	992	1655	211	248	91	167	325	235	85	54	0
*	*	5p	+	51	2537491	1630627	1806606	2487290	8462014	193710	3241	2447	4571	1015	1062	926	1954	1095	1655	1036	1659	199	239	88	192	265	159	49	63	0
*	*	5p	+	52	2430739	1547425	1716650	2399804	8094618	189758	3111	2442	4315	1007	1223	938	1854	1176	1629	925	1467	186	229	96	158	209	192	64	70	0
*	*	5p	+	53	2316781	1478278	1648442	2281900	7725401	185790	3006	2299	4335	909	986	978	1882	1105	1537	984	1509	162	202	97	137	224	153	40	43	0
*	*	5p	+	54	2213074	1395060	1572720	2176258	7357112	181785	3021	2127	4121	887	959	800	1761	966	1460	892	1381	162	207	116	113	203	153	65	57	0
*	*	5p	+	55	2126947	1321974	1487631	2056273	6992825	174770	2709	2162	3787	897	1060	801	1741	976	1443	867	1355	152	153	124	121	179	134	68	41	0
*	*	5p	+	56	2016083	1246583	1414217	1954186	6631069	168843	2444	2072	3730	754	919	718	1631	753	1394	747	1191	168	164	79	102	223	141	68	38	0
*	*	5p	+	57	1904702	1186208	1319543	1859472	6269925	161955	2543	1883	3680	804	910	719	1427	898	1396	658	1140	141	160	91	65	173	152	43	40	0
*	*	5p	+	58	1785900	1120624	1260212	1747756	5914492	157753	2233	1841	3540	703	905	694	1496	846	1327	702	1051	135	139	69	111	167	123	46	41	0
*	*	5p	+	59	1681922	1048790	1185480	1644024	5560216	150413	2114	1607	3515	699	781	643	1414	869	1219	689	1067	121	111	90	71	163	118	47	54	0
*	*	5p	+	60	1585973	982958	1119616	1527872	5216419	143377	1969	1599	3091	711	788	670	1350	746	1198	669	926	115	128	88	97	186	97	47	55	0
*	*	5p	+	61	1482630	922925	1032287	1447008	4884850	135628	1965	1650	3084	660	852	568	1279	782	1107	560	953	117	74	71	98	165	135	34	56	0
*	*	5p	+	62	1389286	857172	970353	1351998	4568809	128158	1624	1421	2879	576	699	593	1164	717	1121	570	758	85	108	43	93	150	101	21	43	0
*	*	5p	+	63	1290521	807351	905090	1266097	4269059	122404	1793	1335	2739	571	696	513	1210	668	967	552	864	83	81	66	78	111	48	48	34	0
*	*	5p	+	64	1208263	748547	843377	1182815	3983002	114319	1455	1341	2756	522	698	537	1060	633	1009	525	856	53	85	43	46	76	72	37	39	0
*	*	5p	+	65	1138315	689600	785865	1094917	3708697	107436	1383	1187	2311	499	662	468	1085	543	967	520	738	77	67	56	53	91	65	31	32	0
*	*	5p	+	66	1056918	635795	731653	1024756	3449122	100259	1216	1211	2298	533	575	388	923	516	845	442	789	81	102	29	56	120	70	32	27	0
*	*	5p	+	67	987010	587732	677404	952208	3204354	93665	1193	1115	2228	462	641	369	888	501	827	361	632	95	70	34	51	84	72	18	20	0
*	*	5p	+	68	910985	547787	637998	874059	2970829	88205	1221	1067	1978	468	581	391	804	466	763	382	570	56	93	29	46	119	57	29	34	0
*	*	5p	+	69	843532	505059	591621	809921	2750133	81961	1115	1016	1947	359	523	301	852	493	755	398	527	44	54	35	53	98	68	28	29	0
*	*	5p	+	70	781183	472332	539486	747982	2540983	74733	952	918	1591	372	475	344	763	463	719	382	499	52	54	26	25	71	43	18	34	0
*	*	5p	-	1	3797624	2867086	2359280	3214053	12238043	4806	74165	4602	5751	2806	3244	1487	2261	2032	2868	2515	2999	0	0	0	0	0	0	0	0	0
*	*	5p	-	2	3626083	1883208	2899400	3829398	12238089	4663	35064	5763	3611	2197	3108	1917	2330	2432	2623	1207	3171	0	0	0	0	0	0	0	0	0
*	*	5p	-	3	3843638	2312525	2560223	3521735	12238121	4584	27514	4542	3870	1883	2168	1661	2022	1918	2369	1615	3482	0	1	0	0	0	3	2	0	0
*	*	5p	-	4	3809933	2287582	2534029	3606559	12238103	4247	21190	4414	4037	1985	1874	1418	1759	1714	2022	1422	3442	0	4	1	3	15	18	1	10	0
*	*	5p	-	5	3830458	2209227	2744394	3453820	12237899	3976	15600	4654	3465	1654	1783	1667	1642	1743	1680	1285	3240	28	25	24	46	82	75	33	66	0
*	*	5p	-	6	3784739	2237254	2617433	3598399	12237825	3837	13077	4161	3628	1613	1732	1435	1461	1440	1653	1512	2982	33	30	50	33	94	103	56	86	0
*	*	5p	-	7	3686908	2318544	2629036	3603359	12237847	3692	11013	4028	3624	1405	1546	1409	1376	1576	1564	1259	2627	52	67	61	56	77	90	81	82	0
*	*	5p	-	8	3477732	2445188	2445463	3869470	12237853	3505	11198	3653	3654	1475	1636	1283	1369	1431	1364	1414	2855	88	62	74	64	100	91	74	63	0
*	*	5p	-	9	3379298	2401683	2557988	3898854	12237823	3498	10341	3834	3863	1663	1470	1560	1199	1528	1291	1518	2867	73	71	74	84	81	137	64	71	0
*	*	5p	-	10	3478124	2485522	2657418	3616800	12237864	3495	8946	3985	3447	1478	1478	1496	1264	1411	1216	1459	2622	87	109	84	72	109	102	53	48	0
*	*	5p	-	11	3541963	2488153	2606085	3601564	12237765	3281	8227	4211	3834	1485	1484	1381	1239	1552	1291	1442	2596	87	130	68	73	134	118	59	95	0
*	*	5p	-	12	3539057	2500277	2654106	3544303	12237743	3361	7720	4227	3747	1496	1329	1633	1192	1733	1285	1369	2579	135	150	82	100	148	144	56	85	0
*	*	5p	-	13	3566894	2501855	2650736	3518230	12237715	3491	7698	3932	3678	1439	1361	1499	1330	1419	1310	1461	2709	129	165	120	106	144	179	66	71	0
*	*	5p	-	14	3547287	2530384	2663057	3496916	12237644	3717	7529	3815	3637	1362	1337	1404	1251	1437	1257	1406	2567	161	180	119	95	172	195	84	84	0
*	*	5p	-	15	3567459	2536877	2659237	3474011	12237584	4184	7218	3917	3550	1452	1410	1317	1300	1393	1303	1393	2605	210	236	111	110	224	191	84	88	0
*	*	5p	-	16	3565821	2528882	2656114	3486693	12237510	5150	7301	4342	3731	1467	1367	1580	1299	1639	1389	1411	2682	228	256	94	116	204	232	85	103	0
*	*	5p	-	17	3539091	2517362	2682733	3498313	12237499	6818	7111	4025	3591	1389	1220	1578	1233	1652	1421	1299	2682	256	280	118	97	239	279	72	82	0
*	*	5p	-	18	3509940	2520706	2736031	3470681	12237358	9764	6867	3798	3600	1370	1377	1453	1337	1441	1288	1494	2707	258	283	92	127	326	297	88	107	0
*	*	5p	-	19	3524895	2515344	2740668	3456478	12237385	14631	6919	3992	3793	1260	1249	1522	1286	1504	1312	1421	2570	269	300	120	111	294	312	86	84	0
*	*	5p	-	20	3537287	2516362	2757123	3426568	12237340	20455	6384	3970	3601	1432	1342	1425	1285	1432	1174	1561	2593	310	300	84	165	312	326	91	113	0
*	*	5p	-	21	3535637	2517732	2723476	3460388	12237233	25976	6606	3737	3642	1378	1287	1330	1350	1343	1332	1317	2538	308	363	98	149	367	346	98	135	0
*	*	5p	-	22	3560270	2489819	2696722	3490533	12237344	33639	6598	3861	3666	1366	1301	1251	1316	1299	1180	1415	2492	325	314	113	124	341	289	104	93	0
*	*	5p	-	23	3540551	2494827	2705426	3496449	12237253	41572	6588	3792	3687	1253	1232	1267	1412	1366	1280	1403	2554	373	358	126	121	412	319	82	110	0
*	*	5p	-	24	3543437	2480214	2745910	3467694	12237255	49298	6341	3683	3774	1261	1218	1284	1484	1353	1467	1325	2587	390	355	102	159	364	355	85	114	0
*	*	5p	-	25	3576412	2483266	2718392	3459092	12237162	56945	6210	3795	3798	1413	1277	1441	1516	1368	1332	1338	2478	394	326	127	180	395	342	78	97	0
*	*	5p	-	26	3567962	2479909	2703218	3486151	12237240	64826	6169	3824	3835	1432	1280	1247	1520	1277	1458	1369	2388	424	398	118	147	403	359	87	92	0
*	*	5p	-	27	3568702	2450530	2721583	3496394	12237209	72477	6153	3720	4028	1412	1332	1278	1524	1437	1413	1349	2522	418	361	124	192	430	362	67	109	0
*	*	5p	-	28	3553740	2478373	2722339	3482637	12237089	80744	6158	3549	3894	1314	1310	1428	1663	1445	1387	1493	2467	440	396	116	171	494	399	80	112	0
*	*	5p	-	29	3560581	2471872	2739642	3464962	12237057	89394	6130	3692	4145	1338	1330	1437	1624	1495	1385	1376	2549	497	439	124	208	476	400	113	117	0
*	*	5p	-	30	3597999	2477856	2733270	3428010	12237135	98611	5751	3775	4125	1378	1436	1333	1761	1358	1417	1355	2428	466	449	125	230	412	432	85	116	0
*	*	5p	-	31	3577574	2471191	2714467	3456866	12220098	106333	5857	3780	4330	1344	1240	1346	1831	1342	1651	1315	2363	539	426	151	240	454	435	113	99	0
*	*	5p	-	32	3556340	2461089	2676615	3501821	12195865	112932	5699	3806	4285	1415	1371	1235	1897	1411	1557	1341	2426	516	436	114	225	489	442	62	120	0
*	*	5p	-	33	3544753	2458487	2679490	3481107	12163837	120329	5785	3591	4420	1292	1177	1323	1848	1303	1608	1218	2518	509	400	105	222	473	474	83	135	0
*	*	5p	-	34	3516363	2435700	2688778	3481062	12121903	129107	5773	3484	4625	1247	1271	1278	1996	1493	1630	1338	2273	446	495	156	218	564	466	96	129	0
*	*	5p	-	35	3581068	2398569	2661432	3426869	12067938	137202	5485	3759	4329	1402	1255	1531	1884	1621	1604	1362	2348	463	498	155	245	591	450	102	113	0
*	*	5p	-	36	3547811	2392193	2648992	3409731	11998727	144064	5296	3649	4677	1323	1346	1158	2026	1458	1704	1455	2312	490	486	161	220	614	442	85	122	0
*	*	5p	-	37	3543256	2355448	2608775	3405203	11912682	151293	5329	3784	4742	1395	1335	1431	2074	1582	1693	1247	2220	523	510	175	227	524	478	94	135	0
*	*	5p	-	38	3494945	2321285	2603579	3385941	11805750	159551	5299	3485	4769	1288	1336	1344	2200	1410	1726	1342	2292	523	517	150	228	511	512	96	110	0
*	*	5p	-	39	3453575	2314863	2576810	3331454	11676702	166714	5037	3352	4787	1361	1344	1285	2170	1508	1753	1287	2258	499	549	163	316	539	480	103	123	0
*	*	5p	-	40	3435120	2261893	2550022	3280900	11527935	175346	5005	3540	4630	1339	1405	1270	2157	1289	1666	1316	2278	490	466	142	227	557	515	113	130	0
*	*	5p	-	41	3369476	2237493	2471600	3279090	11357659	179348	5052	3383	5065	1325	1386	1305	2230	1394	1784	1199	2156	501	531	194	279	545	503	98	117	0
*	*	5p	-	42	3321236	2195634	2401559	3248245	11166674	182182	4665	3446	5284	1322	1456	1204	2219	1374	1889	1225	2028	486	453	165	277	575	504	104	113	0
*	*	5p	-	43	3238374	2154977	2361191	3199889	10954431	188830	4737	3114	4991	1290	1325	1275	2256	1362	1844	1279	2012	444	479	169	205	540	475	90	103	0
*	*	5p	-	44	3188028	2081334	2331157	3120797	10721316	194802	4591	3474	5079	1278	1384	1308	2214	1564	1860	1291	2056	436	497	109	239	500	479	108	126	0
*	*	5p	-	45	3141272	2022108	2246626	3055099	10465105	196398	4323	3083	4804	1284	1419	1270	2223	1314	1693	1231	1955	434	496	124	271	415	476	95	103	0
*	*	5p	-	46	3059132	1955156	2180154	2993711	10188153	198044	4118	3012	4911	1240	1332	1080	2212	1259	1862	1229	1908	457	431	159	215	391	490	90	99	0
*	*	5p	-	47	2965301	1886681	2128494	2907691	9888167	201100	4084	2989	4855	1174	1318	1105	2168	1239	1753	1121	1790	451	464	130	212	401	416	78	80	0
*	*	5p	-	48	2883597	1812259	2089815	2782207	9567878	204515	3838	2843	4824	1180	1275	1143	2142	1197	1759	1140	1833	390	436	121	267	451	393	98	90	0
*	*	5p	-	49	2783608	1760986	2008736	2672490	9225820	203306	3696	2883	4542	1074	1048	1140	2134	1184	1627	1145	1665	360	428	111	206	427	377	74	76	0
*	*	5p	-	50	2675434	1689549	1930467	2571644	8867094	200546	3530	2581	4638	1064	1291	1026	2012	1144	1726	1080	1489	363	383	164	228	382	392	51	93	0
*	*	5p	-	51	2569292	1631470	1816684	2482943	8500389	194876	3437	2544	4526	1110	1218	891	2036	1201	1680	947	1521	323	360	137	219	423	361	72	71	0
*	*	5p	-	52	2457873	1547390	1729936	2396441	8131640	191219	3187	2529	4398	933	1171	953	1842	1155	1599	868	1537	295	418	94	198	360	324	58	86	0
*	*	5p	-	53	2338327	1475227	1668065	2279680	7761299	188332	3080	2427	4303	985	931	925	1820	965	1580	900	1514	323	312	109	171	358	292	34	89	0
*	*	5p	-	54	2232873	1395287	1591180	2172328	7391668	183754	2829	2326	4019	960	1042	820	1758	994	1504	948	1364	278	309	90	170	366	318	52	66	0
*	*	5p	-	55	2153395	1320675	1500579	2051067	7025716	176052	2759	2220	3941	913	1024	878	1833	995	1391	880	1310	200	298	115	161	302	295	96	96	0
*	*	5p	-	56	2039455	1242464	1429221	1953011	6664151	171777	2404	1958	3706	878	1031	746	1562	962	1410	792	1191	254	318	97	153	345	287	58	66	0
*	*	5p	-	57	1926853	1180773	1336485	1856492	6300603	163867	2366	1953	3763	785	904	722	1503	950	1300	768	1116	242	306	104	151	333	294	64	64	0
*	*	5p	-	58	1807368	1117420	1277895	1741010	5943693	158797	2215	1776	3471	790	934	729	1451	806	1338	708	1144	239	258	109	153	300	248	66	72	0
*	*	5p	-	59	1700914	1049184	1196987	1642132	5589217	153220	2154	1784	3208	671	783	707	1546	704	1126	697	1043	236	253	94	140	249	237	75	69	0
*	*	5p	-	60	1603169	980625	1134133	1526882	5244809	146328	1973	1684	3058	686	762	618	1381	751	1118	692	1034	222	271	79	124	302	238	48	75	0
*	*	5p	-	61	1506062	920321	1043793	1442469	4912645	136951	1893	1617	3029	666	795	619	1251	749	1098	635	862	188	219	70	136	228	231	63	53	0
*	*	5p	-	62	1412587	855410	982570	1345839	4596406	130307	1686	1455	2958	607	761	541	1156	675	1100	582	859	184	243	69	109	235	191	43	54	0
*	*	5p	-	63	1308789	804331	916821	1264263	4294204	123886	1696	1452	2593	533	809	571	1148	689	1065	607	898	168	216	103	127	231	170	42	37	0
*	*	5p	-	64	1223160	749009	853625	1182106	4007900	117275	1543	1306	2568	547	659	491	1059	583	1041	556	851	141	225	67	81	219	174	50	42	0
*	*	5p	-	65	1151190	690834	798152	1092317	3732493	109721	1444	1300	2368	552	695	509	1101	596	801	511	763	122	151	54	78	193	180	43	49	0
*	*	5p	-	66	1070590	634494	740844	1025165	3471093	102178	1330	1140	2340	491	625	368	1018	515	933	506	738	121	159	64	76	231	144	45	38	0
*	*	5p	-	67	995528	589320	688711	951499	3225058	95456	1162	1089	2129	450	636	387	941	569	893	387	669	107	164	21	62	196	129	50	54	0
*	*	5p	-	68	924225	545968	643954	876039	2990186	89617	1141	1016	1876	433	596	363	803	408	715	404	632	117	131	46	73	183	146	42	45	0
*	*	5p	-	69	852906	508077	599790	806828	2767601	83311	1011	1043	1841	394	493	368	792	485	689	388	623	122	107	17	54	142	121	19	36	0
*	*	5p	-	70	793672	471467	546072	746506	2557717	76923	961	939	1700	393	544	338	751	413	667	349	465	106	96	24	48	117	97	18	32	0
